{
  "GlobalEnvironment": {
    "V_init": -70.0,
    "dt": 0.1,
    "STEPS": 10000,
    "celsius": 24.0,
    "CA_OUT": 2.0,
    "CA_INF": 0.00024,
    "TAU_CA": 5.0
  },
  "E_TABLE": {
    "Na": {
      "E": 50.0
    },
    "K": {
      "E": -90.0
    },
    "L": {
      "E": -76.5
    }
  },
  "HH_PARAMS": {
    "vtraub": -63.0,
    "alpha_m_A": 0.32,
    "alpha_m_V": 13.0,
    "alpha_m_k": 4.0,
    "beta_m_A": 0.28,
    "beta_m_V": 40.0,
    "beta_m_k": 5.0,
    "alpha_h_A": 0.128,
    "alpha_h_V": 17.0,
    "alpha_h_k": 18.0,
    "beta_h_A": 4.0,
    "beta_h_V": 40.0,
    "beta_h_k": 5.0,
    "alpha_n_A": 0.032,
    "alpha_n_V": 15.0,
    "alpha_n_k": 5.0,
    "beta_n_A": 0.5,
    "beta_n_V": 10.0,
    "beta_n_k": 40.0
  },
  "CA_PARAMS": {
    "shift": -1.0,
    "actshift": 0.0,
    "inf_mT_Vh": 57.0,
    "inf_mT_k": 6.2,
    "inf_hT_Vh": 81.0,
    "inf_hT_k": 4.0,
    "tau_mT_base": 0.612,
    "tau_mT_V1": 132.0,
    "tau_mT_k1": 16.7,
    "tau_mT_V2": 16.8,
    "tau_mT_k2": 18.2,
    "tau_mT_Q10": 2.5,
    "tau_mT_Tref": 24.0,
    "tau_hT_Vthresh": -80.0,
    "tau_hT_V1": 467.0,
    "tau_hT_k1": 66.6,
    "tau_hT_base": 28.0,
    "tau_hT_V2": 22.0,
    "tau_hT_k2": 10.5,
    "tau_hT_Q10": 2.5,
    "tau_hT_Tref": 24.0
  },
  "Segmentation": {
    "Mode": "NSeg",
    "NSeg": 1,
    "LSeg": 20
  },
  "Entities": [
    {
      "Id": "f854f8bc-27f6-449f-af17-4c67a660e703",
      "Type": "Soma",
      "BaseRadius": 0.0,
      "TopRadius": 7.4795,
      "Length": 3.6213119169715298,
      "Ra": 173.0,
      "Cm": 0.88,
      "Color": "#FF1E90FF",
      "Transform": [
        0.9256760498506138,
        -0.06441409012946794,
        -0.37279307360217506,
        0.0,
        -0.06441409012946794,
        0.9441744552211279,
        -0.323087330455218,
        0.0,
        0.37279307360217506,
        0.323087330455218,
        0.8698505050717417,
        0.0,
        -23.25,
        -7.35,
        -34.2,
        1.0
      ],
      "Channels": {
        "Na": {
          "G": 3.0,
          "IsPermeability": false
        },
        "K": {
          "G": 5.0,
          "IsPermeability": false
        },
        "L": {
          "G": 0.0379,
          "IsPermeability": false
        },
        "CaT": {
          "G": 1.7e-05,
          "IsPermeability": true
        }
      }
    },
    {
      "Id": "03ca0f7e-6b67-4055-8fc5-cf51a5cb1f5a",
      "Type": "Soma",
      "BaseRadius": 7.4795,
      "TopRadius": 10.7195,
      "Length": 1.1008916840452547,
      "Ra": 173.0,
      "Cm": 0.88,
      "Color": "#FF1E90FF",
      "Transform": [
        0.5576705027209095,
        -0.1437570866157045,
        -0.8175191193132875,
        0.0,
        -0.14375708661570447,
        0.9532789468498961,
        -0.26569371377681844,
        0.0,
        0.8175191193132875,
        0.26569371377681844,
        0.5109494495708055,
        0.0,
        -21.9,
        -6.18,
        -31.05,
        1.0
      ],
      "Channels": {
        "Na": {
          "G": 3.0,
          "IsPermeability": false
        },
        "K": {
          "G": 5.0,
          "IsPermeability": false
        },
        "L": {
          "G": 0.0379,
          "IsPermeability": false
        },
        "CaT": {
          "G": 1.7e-05,
          "IsPermeability": true
        }
      }
    },
    {
      "Id": "88517319-314c-4e17-bf47-3ea3bc8d9a31",
      "Type": "Soma",
      "BaseRadius": 10.7195,
      "TopRadius": 12.487,
      "Length": 2.1760182132509844,
      "Ra": 173.0,
      "Cm": 0.88,
      "Color": "#FF1E90FF",
      "Transform": [
        0.9061451244322805,
        -0.08852391863547328,
        -0.41359947932393143,
        0.0,
        -0.08852391863547328,
        0.9165042399430214,
        -0.3901070288983328,
        0.0,
        0.41359947932393143,
        0.3901070288983328,
        0.8226493643753019,
        0.0,
        -21.0,
        -5.8875,
        -30.4875,
        1.0
      ],
      "Channels": {
        "Na": {
          "G": 3.0,
          "IsPermeability": false
        },
        "K": {
          "G": 5.0,
          "IsPermeability": false
        },
        "L": {
          "G": 0.0379,
          "IsPermeability": false
        },
        "CaT": {
          "G": 1.7e-05,
          "IsPermeability": true
        }
      }
    },
    {
      "Id": "45711103-73b3-429d-9155-156c4dea2532",
      "Type": "Soma",
      "BaseRadius": 12.487,
      "TopRadius": 12.6815,
      "Length": 3.396768472769377,
      "Ra": 173.0,
      "Cm": 0.88,
      "Color": "#FF1E90FF",
      "Transform": [
        0.356795172543195,
        -0.11276299489357015,
        -0.9273519891780598,
        0.0,
        -0.11276299489357017,
        0.9802310360952302,
        -0.16257805158847355,
        0.0,
        0.9273519891780598,
        0.16257805158847355,
        0.3370262086384251,
        0.0,
        -20.1,
        -5.03862,
        -28.6974,
        1.0
      ],
      "Channels": {
        "Na": {
          "G": 3.0,
          "IsPermeability": false
        },
        "K": {
          "G": 5.0,
          "IsPermeability": false
        },
        "L": {
          "G": 0.0379,
          "IsPermeability": false
        },
        "CaT": {
          "G": 1.7e-05,
          "IsPermeability": true
        }
      }
    },
    {
      "Id": "a049a9e6-f3e8-4c33-8034-190f153b5b09",
      "Type": "Soma",
      "BaseRadius": 12.6815,
      "TopRadius": 13.3595,
      "Length": 1.3418738146338502,
      "Ra": 173.0,
      "Cm": 0.88,
      "Color": "#FF1E90FF",
      "Transform": [
        0.7389211773195209,
        -0.0644342534375422,
        -0.6707038994166351,
        0.0,
        -0.0644342534375422,
        0.9840976262516146,
        -0.1655297223760254,
        0.0,
        0.6707038994166351,
        0.1655297223760254,
        0.7230188035711355,
        0.0,
        -16.95,
        -4.48638,
        -27.5526,
        1.0
      ],
      "Channels": {
        "Na": {
          "G": 3.0,
          "IsPermeability": false
        },
        "K": {
          "G": 5.0,
          "IsPermeability": false
        },
        "L": {
          "G": 0.0379,
          "IsPermeability": false
        },
        "CaT": {
          "G": 1.7e-05,
          "IsPermeability": true
        }
      }
    },
    {
      "Id": "dd2b3599-34bf-4ebd-8601-ac28602c0d1f",
      "Type": "Soma",
      "BaseRadius": 13.3595,
      "TopRadius": 14.4325,
      "Length": 3.623120274970182,
      "Ra": 173.0,
      "Cm": 0.88,
      "Color": "#FF1E90FF",
      "Transform": [
        0.7744298558203625,
        -0.12084243763991542,
        -0.6210116775707971,
        0.0,
        -0.12084243763991542,
        0.9352622893075445,
        -0.33268837590822753,
        0.0,
        0.6210116775707971,
        0.33268837590822753,
        0.709692145127907,
        0.0,
        -16.05,
        -4.26426,
        -26.5824,
        1.0
      ],
      "Channels": {
        "Na": {
          "G": 3.0,
          "IsPermeability": false
        },
        "K": {
          "G": 5.0,
          "IsPermeability": false
        },
        "L": {
          "G": 0.0379,
          "IsPermeability": false
        },
        "CaT": {
          "G": 1.7e-05,
          "IsPermeability": true
        }
      }
    },
    {
      "Id": "c28f47a5-4b5d-44a6-8702-75371167e613",
      "Type": "Soma",
      "BaseRadius": 14.4325,
      "TopRadius": 14.1555,
      "Length": 4.928503883492434,
      "Ra": 173.0,
      "Cm": 0.88,
      "Color": "#FF1E90FF",
      "Transform": [
        0.5423485221922649,
        -0.17488388471959573,
        -0.8217503923584396,
        0.0,
        -0.17488388471959576,
        0.9331710381858184,
        -0.314018216599905,
        0.0,
        0.8217503923584396,
        0.314018216599905,
        0.4755195603780834,
        0.0,
        -13.8,
        -3.05889,
        -24.0111,
        1.0
      ],
      "Channels": {
        "Na": {
          "G": 3.0,
          "IsPermeability": false
        },
        "K": {
          "G": 5.0,
          "IsPermeability": false
        },
        "L": {
          "G": 0.0379,
          "IsPermeability": false
        },
        "CaT": {
          "G": 1.7e-05,
          "IsPermeability": true
        }
      }
    },
    {
      "Id": "a286b496-b4b3-4ced-b674-70b100852857",
      "Type": "Soma",
      "BaseRadius": 14.1555,
      "TopRadius": 12.6485,
      "Length": 6.933733716584451,
      "Ra": 173.0,
      "Cm": 0.88,
      "Color": "#FF1E90FF",
      "Transform": [
        0.6797644262060853,
        -0.16812367624180516,
        -0.7139010816294175,
        0.0,
        -0.16812367624180516,
        0.9117350699730522,
        -0.3747980678554442,
        0.0,
        0.7139010816294175,
        0.3747980678554442,
        0.5914994961791377,
        0.0,
        -9.75,
        -1.51125,
        -21.6675,
        1.0
      ],
      "Channels": {
        "Na": {
          "G": 3.0,
          "IsPermeability": false
        },
        "K": {
          "G": 5.0,
          "IsPermeability": false
        },
        "L": {
          "G": 0.0379,
          "IsPermeability": false
        },
        "CaT": {
          "G": 1.7e-05,
          "IsPermeability": true
        }
      }
    },
    {
      "Id": "629b55ab-389a-4019-8b1b-bd904a88e603",
      "Type": "Soma",
      "BaseRadius": 12.6485,
      "TopRadius": 11.888,
      "Length": 2.539698740008348,
      "Ra": 173.0,
      "Cm": 0.88,
      "Color": "#FF1E90FF",
      "Transform": [
        0.8463668691124192,
        0.033287178358975815,
        -0.5315591092491396,
        0.0,
        0.033287178358975815,
        0.9927877780222218,
        0.11517114033731354,
        0.0,
        0.5315591092491396,
        -0.11517114033731354,
        0.8391546471346412,
        0.0,
        -4.8,
        1.0875,
        -17.5662,
        1.0
      ],
      "Channels": {
        "Na": {
          "G": 3.0,
          "IsPermeability": false
        },
        "K": {
          "G": 5.0,
          "IsPermeability": false
        },
        "L": {
          "G": 0.0379,
          "IsPermeability": false
        },
        "CaT": {
          "G": 1.7e-05,
          "IsPermeability": true
        }
      }
    },
    {
      "Id": "14def939-69bb-4d3c-85ea-6872ffc7c582",
      "Type": "Soma",
      "BaseRadius": 11.888,
      "TopRadius": 7.6915,
      "Length": 4.958129651390735,
      "Ra": 173.0,
      "Cm": 0.88,
      "Color": "#FF1E90FF",
      "Transform": [
        0.8361573405966156,
        -0.06553706376135375,
        -0.5445601849565718,
        0.0,
        -0.06553706376135376,
        0.9737851744954585,
        -0.2178240739826287,
        0.0,
        0.5445601849565718,
        0.2178240739826287,
        0.8099425150920742,
        0.0,
        -3.45,
        0.795,
        -15.435,
        1.0
      ],
      "Channels": {
        "Na": {
          "G": 3.0,
          "IsPermeability": false
        },
        "K": {
          "G": 5.0,
          "IsPermeability": false
        },
        "L": {
          "G": 0.0379,
          "IsPermeability": false
        },
        "CaT": {
          "G": 1.7e-05,
          "IsPermeability": true
        }
      }
    },
    {
      "Id": "b59d8a9b-8ace-488c-8767-6b09fe8ce515",
      "Type": "Soma",
      "BaseRadius": 7.6915,
      "TopRadius": 5.413,
      "Length": 1.3038027611567637,
      "Ra": 173.0,
      "Cm": 0.88,
      "Color": "#FF1E90FF",
      "Transform": [
        0.7167082390841002,
        0.0991521163205649,
        -0.6902884598905891,
        0.0,
        0.0991521163205649,
        0.9652967592878023,
        0.2416009609617061,
        0.0,
        0.6902884598905891,
        -0.2416009609617061,
        0.6820049983719025,
        0.0,
        -0.75,
        1.875,
        -11.4192,
        1.0
      ],
      "Channels": {
        "Na": {
          "G": 3.0,
          "IsPermeability": false
        },
        "K": {
          "G": 5.0,
          "IsPermeability": false
        },
        "L": {
          "G": 0.0379,
          "IsPermeability": false
        },
        "CaT": {
          "G": 1.7e-05,
          "IsPermeability": true
        }
      }
    },
    {
      "Id": "640195b7-ad09-4fc3-b9f7-ad91a14bc3cd",
      "Type": "Soma",
      "BaseRadius": 5.413,
      "TopRadius": 0.0,
      "Length": 2.497398646592089,
      "Ra": 173.0,
      "Cm": 0.88,
      "Color": "#FF1E90FF",
      "Transform": [
        0.8188013134977558,
        -0.19327859893572732,
        -0.5405624776173356,
        0.0,
        -0.19327859893572732,
        0.7938361611352243,
        -0.5765999761251579,
        0.0,
        0.5405624776173356,
        0.5765999761251579,
        0.6126374746329799,
        0.0,
        0.15,
        1.56,
        -10.53,
        1.0
      ],
      "Channels": {
        "Na": {
          "G": 3.0,
          "IsPermeability": false
        },
        "K": {
          "G": 5.0,
          "IsPermeability": false
        },
        "L": {
          "G": 0.0379,
          "IsPermeability": false
        },
        "CaT": {
          "G": 1.7e-05,
          "IsPermeability": true
        }
      }
    },
    {
      "Id": "bbdf4396-22b9-4ecf-9d57-b81d4208f01c",
      "Type": "Dend",
      "BaseRadius": 2.1605988261127553,
      "TopRadius": 1.6224358510111527,
      "Length": 7.582875444051551,
      "Ra": 173.0,
      "Cm": 0.88,
      "Color": "#FF9370DB",
      "Transform": [
        0.9978141420187361,
        0.004371715962527789,
        -0.06593804733957864,
        0.0,
        0.004371715962527789,
        0.9912565680749444,
        0.13187609467915729,
        0.0,
        0.06593804733957864,
        -0.13187609467915729,
        0.9890707100936805,
        0.0,
        7.0,
        -3.0,
        -5.0,
        1.0
      ],
      "Channels": {
        "Na": {
          "G": 3.0,
          "IsPermeability": false
        },
        "K": {
          "G": 5.0,
          "IsPermeability": false
        },
        "L": {
          "G": 0.0379,
          "IsPermeability": false
        },
        "CaT": {
          "G": 1.7e-05,
          "IsPermeability": true
        }
      }
    },
    {
      "Id": "c487a355-f98a-4081-b455-d895140c1991",
      "Type": "Dend",
      "BaseRadius": 1.6224358510111527,
      "TopRadius": 0.8259454609572715,
      "Length": 5.5901699437494745,
      "Ra": 173.0,
      "Cm": 0.88,
      "Color": "#FF9370DB",
      "Transform": [
        0.9619937887599697,
        0.050674948320040394,
        -0.2683281572999748,
        0.0,
        0.050674948320040394,
        0.9324334022399462,
        0.3577708763999664,
        0.0,
        0.2683281572999748,
        -0.3577708763999664,
        0.8944271909999159,
        0.0,
        7.5,
        -4.0,
        2.5,
        1.0
      ],
      "Channels": {
        "Na": {
          "G": 3.0,
          "IsPermeability": false
        },
        "K": {
          "G": 5.0,
          "IsPermeability": false
        },
        "L": {
          "G": 0.0379,
          "IsPermeability": false
        },
        "CaT": {
          "G": 1.7e-05,
          "IsPermeability": true
        }
      }
    },
    {
      "Id": "d1c754a2-d43b-4882-8374-20a6c28433fb",
      "Type": "Dend",
      "BaseRadius": 0.8259454609572715,
      "TopRadius": 0.8259454609572715,
      "Length": 4.123105625617661,
      "Ra": 173.0,
      "Cm": 0.88,
      "Color": "#FF9370DB",
      "Transform": [
        0.8638034375544994,
        0.13619656244550052,
        -0.48507125007266594,
        0.0,
        0.13619656244550052,
        0.8638034375544994,
        0.48507125007266594,
        0.0,
        0.48507125007266594,
        -0.48507125007266594,
        0.7276068751089989,
        0.0,
        9.0,
        -6.0,
        7.5,
        1.0
      ],
      "Channels": {
        "Na": {
          "G": 3.0,
          "IsPermeability": false
        },
        "K": {
          "G": 5.0,
          "IsPermeability": false
        },
        "L": {
          "G": 0.0379,
          "IsPermeability": false
        },
        "CaT": {
          "G": 1.7e-05,
          "IsPermeability": true
        }
      }
    },
    {
      "Id": "66528979-4cb3-4220-90fa-3432a4568f9b",
      "Type": "Dend",
      "BaseRadius": 0.8259454609572715,
      "TopRadius": 0.5825702064623147,
      "Length": 3.0413812651491097,
      "Ra": 173.0,
      "Cm": 0.88,
      "Color": "#FF9370DB",
      "Transform": [
        0.1643989873053572,
        0.0,
        -0.9863939238321437,
        0.0,
        0.0,
        1.0,
        0.0,
        0.0,
        0.9863939238321437,
        0.0,
        0.1643989873053572,
        0.0,
        11.0,
        -8.0,
        10.5,
        1.0
      ],
      "Channels": {
        "Na": {
          "G": 3.0,
          "IsPermeability": false
        },
        "K": {
          "G": 5.0,
          "IsPermeability": false
        },
        "L": {
          "G": 0.0379,
          "IsPermeability": false
        },
        "CaT": {
          "G": 1.7e-05,
          "IsPermeability": true
        }
      }
    },
    {
      "Id": "d10caed3-533c-44b3-9f50-7c9f630a295f",
      "Type": "Dend",
      "BaseRadius": 0.5825702064623147,
      "TopRadius": 0.5825702064623147,
      "Length": 3.391164991562634,
      "Ra": 173.0,
      "Cm": 0.88,
      "Color": "#FF9370DB",
      "Transform": [
        0.45739814228997,
        -0.09043364295167168,
        -0.8846517369293828,
        0.0,
        -0.09043364295167168,
        0.9849277261747216,
        -0.14744195615489714,
        0.0,
        0.8846517369293828,
        0.14744195615489714,
        0.4423258684646914,
        0.0,
        14.0,
        -8.0,
        11.0,
        1.0
      ],
      "Channels": {
        "Na": {
          "G": 3.0,
          "IsPermeability": false
        },
        "K": {
          "G": 5.0,
          "IsPermeability": false
        },
        "L": {
          "G": 0.0379,
          "IsPermeability": false
        },
        "CaT": {
          "G": 1.7e-05,
          "IsPermeability": true
        }
      }
    },
    {
      "Id": "66469cbe-08c0-4ca1-8726-5aa45fc32422",
      "Type": "Dend",
      "BaseRadius": 0.5825702064623147,
      "TopRadius": 0.5825702064623147,
      "Length": 3.9370039370059056,
      "Ra": 173.0,
      "Cm": 0.88,
      "Color": "#FF9370DB",
      "Transform": [
        0.42771733337788687,
        -0.16350933332060374,
        -0.8890008890013336,
        0.0,
        -0.16350933332060374,
        0.9532830476226846,
        -0.254000254000381,
        0.0,
        0.8890008890013336,
        0.254000254000381,
        0.3810003810005715,
        0.0,
        17.0,
        -7.5,
        12.5,
        1.0
      ],
      "Channels": {
        "Na": {
          "G": 3.0,
          "IsPermeability": false
        },
        "K": {
          "G": 5.0,
          "IsPermeability": false
        },
        "L": {
          "G": 0.0379,
          "IsPermeability": false
        },
        "CaT": {
          "G": 1.7e-05,
          "IsPermeability": true
        }
      }
    },
    {
      "Id": "12584938-b31c-4f72-86ea-333139684cc7",
      "Type": "Dend",
      "BaseRadius": 0.5825702064623147,
      "TopRadius": 0.5825702064623147,
      "Length": 3.640054944640259,
      "Ra": 173.0,
      "Cm": 0.88,
      "Color": "#FF9370DB",
      "Transform": [
        0.21259653265090767,
        -0.5249356448993949,
        -0.8241633836921342,
        0.0,
        -0.5249356448993949,
        0.6500429034004034,
        -0.5494422557947561,
        0.0,
        0.8241633836921342,
        0.5494422557947561,
        -0.13736056394868895,
        0.0,
        20.5,
        -6.5,
        14.0,
        1.0
      ],
      "Channels": {
        "Na": {
          "G": 3.0,
          "IsPermeability": false
        },
        "K": {
          "G": 5.0,
          "IsPermeability": false
        },
        "L": {
          "G": 0.0379,
          "IsPermeability": false
        },
        "CaT": {
          "G": 1.7e-05,
          "IsPermeability": true
        }
      }
    },
    {
      "Id": "c76caeca-bb20-4af9-9e06-7e748132d3f8",
      "Type": "Dend",
      "BaseRadius": 0.5825702064623147,
      "TopRadius": 1.0965878679450074,
      "Length": 4.06201920231798,
      "Ra": 173.0,
      "Cm": 0.88,
      "Color": "#FF9370DB",
      "Transform": [
        0.15336179910788772,
        -0.4837932576526358,
        -0.8616404368553292,
        0.0,
        -0.48379325765263576,
        0.7235467099127799,
        -0.49236596391733095,
        0.0,
        0.8616404368553292,
        0.49236596391733095,
        -0.1230914909793327,
        0.0,
        23.5,
        -4.5,
        13.5,
        1.0
      ],
      "Channels": {
        "Na": {
          "G": 3.0,
          "IsPermeability": false
        },
        "K": {
          "G": 5.0,
          "IsPermeability": false
        },
        "L": {
          "G": 0.0379,
          "IsPermeability": false
        },
        "CaT": {
          "G": 1.7e-05,
          "IsPermeability": true
        }
      }
    },
    {
      "Id": "ed2c3ebd-a97e-433a-be93-1ff9adc4f197",
      "Type": "Dend",
      "BaseRadius": 0.8259454609572715,
      "TopRadius": 0.5825702064623147,
      "Length": 2.23606797749979,
      "Ra": 173.0,
      "Cm": 0.88,
      "Color": "#FF9370DB",
      "Transform": [
        0.8000000000000002,
        0.4,
        -0.447213595499958,
        0.0,
        0.4,
        0.20000000000000007,
        0.894427190999916,
        0.0,
        0.447213595499958,
        -0.894427190999916,
        6.123233995736766e-17,
        0.0,
        11.0,
        -8.0,
        10.5,
        1.0
      ],
      "Channels": {
        "Na": {
          "G": 3.0,
          "IsPermeability": false
        },
        "K": {
          "G": 5.0,
          "IsPermeability": false
        },
        "L": {
          "G": 0.0379,
          "IsPermeability": false
        },
        "CaT": {
          "G": 1.7e-05,
          "IsPermeability": true
        }
      }
    },
    {
      "Id": "90fa0478-8ebd-4c5e-a3a9-cf8bb45d6e5b",
      "Type": "Dend",
      "BaseRadius": 0.5825702064623147,
      "TopRadius": 0.5825702064623147,
      "Length": 4.716990566028302,
      "Ra": 173.0,
      "Cm": 0.88,
      "Color": "#FF9370DB",
      "Transform": [
        0.7677986644040068,
        0.07740044519866442,
        -0.6359987280038161,
        0.0,
        0.07740044519866442,
        0.9741998516004453,
        0.211999576001272,
        0.0,
        0.6359987280038161,
        -0.211999576001272,
        0.741998516004452,
        0.0,
        12.0,
        -10.0,
        10.5,
        1.0
      ],
      "Channels": {
        "Na": {
          "G": 3.0,
          "IsPermeability": false
        },
        "K": {
          "G": 5.0,
          "IsPermeability": false
        },
        "L": {
          "G": 0.0379,
          "IsPermeability": false
        },
        "CaT": {
          "G": 1.7e-05,
          "IsPermeability": true
        }
      }
    },
    {
      "Id": "759c027f-b013-47a2-b736-c0d2b7c25a16",
      "Type": "Dend",
      "BaseRadius": 0.5825702064623147,
      "TopRadius": 0.5825702064623147,
      "Length": 6.123724356957945,
      "Ra": 173.0,
      "Cm": 0.88,
      "Color": "#FF9370DB",
      "Transform": [
        0.9121950336383609,
        0.035121986544655655,
        -0.4082482904638631,
        0.0,
        0.035121986544655655,
        0.9859512053821378,
        0.16329931618554525,
        0.0,
        0.4082482904638631,
        -0.16329931618554525,
        0.8981462390204986,
        0.0,
        15.0,
        -11.0,
        14.0,
        1.0
      ],
      "Channels": {
        "Na": {
          "G": 3.0,
          "IsPermeability": false
        },
        "K": {
          "G": 5.0,
          "IsPermeability": false
        },
        "L": {
          "G": 0.0379,
          "IsPermeability": false
        },
        "CaT": {
          "G": 1.7e-05,
          "IsPermeability": true
        }
      }
    },
    {
      "Id": "ecc82d06-d6bb-41a5-be33-393cc146213c",
      "Type": "Dend",
      "BaseRadius": 0.5825702064623147,
      "TopRadius": 0.5825702064623147,
      "Length": 4.58257569495584,
      "Ra": 173.0,
      "Cm": 0.88,
      "Color": "#FF9370DB",
      "Transform": [
        0.9745743121887939,
        0.05085137562241217,
        -0.21821789023599233,
        0.0,
        0.05085137562241217,
        0.8982972487551757,
        0.43643578047198467,
        0.0,
        0.21821789023599233,
        -0.43643578047198467,
        0.8728715609439696,
        0.0,
        17.5,
        -12.0,
        19.5,
        1.0
      ],
      "Channels": {
        "Na": {
          "G": 3.0,
          "IsPermeability": false
        },
        "K": {
          "G": 5.0,
          "IsPermeability": false
        },
        "L": {
          "G": 0.0379,
          "IsPermeability": false
        },
        "CaT": {
          "G": 1.7e-05,
          "IsPermeability": true
        }
      }
    },
    {
      "Id": "7b469c82-5d33-45fe-9a69-c954b3d1c236",
      "Type": "Dend",
      "BaseRadius": 0.5825702064623147,
      "TopRadius": 0.5825702064623147,
      "Length": 3.9370039370059056,
      "Ra": 173.0,
      "Cm": 0.88,
      "Color": "#FF9370DB",
      "Transform": [
        0.9908461831538901,
        -0.04576908423054943,
        0.12700012700019053,
        0.0,
        -0.04576908423054943,
        0.7711545788472529,
        0.6350006350009526,
        0.0,
        -0.12700012700019053,
        -0.6350006350009526,
        0.762000762001143,
        0.0,
        18.5,
        -14.0,
        23.5,
        1.0
      ],
      "Channels": {
        "Na": {
          "G": 3.0,
          "IsPermeability": false
        },
        "K": {
          "G": 5.0,
          "IsPermeability": false
        },
        "L": {
          "G": 0.0379,
          "IsPermeability": false
        },
        "CaT": {
          "G": 1.7e-05,
          "IsPermeability": true
        }
      }
    },
    {
      "Id": "bb983238-191f-404e-8e5b-880cddcf4bd1",
      "Type": "Dend",
      "BaseRadius": 0.5825702064623147,
      "TopRadius": 0.5825702064623147,
      "Length": 4.8218253804964775,
      "Ra": 173.0,
      "Cm": 0.88,
      "Color": "#FF9370DB",
      "Transform": [
        0.9764912214874952,
        -0.058771946281261984,
        0.207390338946085,
        0.0,
        -0.05877194628126199,
        0.853070134296845,
        0.5184758473652126,
        0.0,
        -0.207390338946085,
        -0.5184758473652126,
        0.8295613557843402,
        0.0,
        18.0,
        -16.5,
        26.5,
        1.0
      ],
      "Channels": {
        "Na": {
          "G": 3.0,
          "IsPermeability": false
        },
        "K": {
          "G": 5.0,
          "IsPermeability": false
        },
        "L": {
          "G": 0.0379,
          "IsPermeability": false
        },
        "CaT": {
          "G": 1.7e-05,
          "IsPermeability": true
        }
      }
    },
    {
      "Id": "9783e437-f6fb-4a94-9a37-542d7299a51a",
      "Type": "Dend",
      "BaseRadius": 0.6760539480943045,
      "TopRadius": 0.6760539480943045,
      "Length": 10.307764064044152,
      "Ra": 173.0,
      "Cm": 0.88,
      "Color": "#FF9370DB",
      "Transform": [
        0.4866556462262885,
        0.028519130765206194,
        0.8731282501307986,
        0.0,
        0.028519130765206194,
        0.9984156038463774,
        -0.048507125007266595,
        0.0,
        -0.8731282501307986,
        0.048507125007266595,
        0.48507125007266594,
        0.0,
        -13.5,
        0.0,
        -38.5,
        1.0
      ],
      "Channels": {
        "Na": {
          "G": 3.0,
          "IsPermeability": false
        },
        "K": {
          "G": 5.0,
          "IsPermeability": false
        },
        "L": {
          "G": 0.0379,
          "IsPermeability": false
        },
        "CaT": {
          "G": 1.7e-05,
          "IsPermeability": true
        }
      }
    },
    {
      "Id": "361ec710-cbd0-4e34-af0e-b3a820f77a4c",
      "Type": "Dend",
      "BaseRadius": 0.6760539480943045,
      "TopRadius": 0.4,
      "Length": 7.762087348130012,
      "Ra": 173.0,
      "Cm": 0.88,
      "Color": "#FF9370DB",
      "Transform": [
        0.06639004149377596,
        -0.2489626556016597,
        0.9662349396012463,
        0.0,
        -0.24896265560165967,
        0.9336099585062241,
        0.25766265056033233,
        0.0,
        -0.9662349396012463,
        -0.25766265056033233,
        6.123233995736766e-17,
        0.0,
        -22.5,
        0.5,
        -33.5,
        1.0
      ],
      "Channels": {
        "Na": {
          "G": 3.0,
          "IsPermeability": false
        },
        "K": {
          "G": 5.0,
          "IsPermeability": false
        },
        "L": {
          "G": 0.0379,
          "IsPermeability": false
        },
        "CaT": {
          "G": 1.7e-05,
          "IsPermeability": true
        }
      }
    },
    {
      "Id": "270a6ac5-273c-4c31-b7db-99b9d9883bd8",
      "Type": "Dend",
      "BaseRadius": 0.4,
      "TopRadius": 0.4,
      "Length": 6.519202405202649,
      "Ra": 173.0,
      "Cm": 0.88,
      "Color": "#FF9370DB",
      "Transform": [
        0.005882352941176532,
        -0.07647058823529412,
        0.9970544855015816,
        0.0,
        -0.07647058823529411,
        0.9941176470588236,
        0.07669649888473705,
        0.0,
        -0.9970544855015816,
        -0.07669649888473705,
        6.123233995736766e-17,
        0.0,
        -30.0,
        -1.5,
        -33.5,
        1.0
      ],
      "Channels": {
        "Na": {
          "G": 3.0,
          "IsPermeability": false
        },
        "K": {
          "G": 5.0,
          "IsPermeability": false
        },
        "L": {
          "G": 0.0379,
          "IsPermeability": false
        },
        "CaT": {
          "G": 1.7e-05,
          "IsPermeability": true
        }
      }
    },
    {
      "Id": "95d9c3ce-b001-453e-8604-78734b54d928",
      "Type": "Dend",
      "BaseRadius": 0.4,
      "TopRadius": 0.4,
      "Length": 4.5,
      "Ra": 173.0,
      "Cm": 0.88,
      "Color": "#FF9370DB",
      "Transform": [
        6.123233995736766e-17,
        0.0,
        1.0,
        0.0,
        -0.0,
        1.0,
        0.0,
        0.0,
        -1.0,
        -0.0,
        6.123233995736766e-17,
        0.0,
        -36.5,
        -2.0,
        -33.5,
        1.0
      ],
      "Channels": {
        "Na": {
          "G": 3.0,
          "IsPermeability": false
        },
        "K": {
          "G": 5.0,
          "IsPermeability": false
        },
        "L": {
          "G": 0.0379,
          "IsPermeability": false
        },
        "CaT": {
          "G": 1.7e-05,
          "IsPermeability": true
        }
      }
    },
    {
      "Id": "80c9bade-9d36-4778-9c02-1d66d9d56a48",
      "Type": "Dend",
      "BaseRadius": 0.4,
      "TopRadius": 0.4,
      "Length": 8.139410298049853,
      "Ra": 173.0,
      "Cm": 0.88,
      "Color": "#FF9370DB",
      "Transform": [
        0.6757246285173463,
        0.0,
        0.7371541402007414,
        0.0,
        -0.0,
        1.0,
        0.0,
        0.0,
        -0.7371541402007414,
        -0.0,
        0.6757246285173463,
        0.0,
        -41.0,
        -2.0,
        -33.5,
        1.0
      ],
      "Channels": {
        "Na": {
          "G": 3.0,
          "IsPermeability": false
        },
        "K": {
          "G": 5.0,
          "IsPermeability": false
        },
        "L": {
          "G": 0.0379,
          "IsPermeability": false
        },
        "CaT": {
          "G": 1.7e-05,
          "IsPermeability": true
        }
      }
    },
    {
      "Id": "dea019bd-b240-4272-b263-8d9d0adf6ca0",
      "Type": "Dend",
      "BaseRadius": 0.4,
      "TopRadius": 0.4,
      "Length": 9.273618495495704,
      "Ra": 173.0,
      "Cm": 0.88,
      "Color": "#FF9370DB",
      "Transform": [
        0.7614556445207157,
        0.03975739257988073,
        0.6469966392206306,
        0.0,
        0.03975739257988073,
        0.9933737679033532,
        -0.10783277320343844,
        0.0,
        -0.6469966392206306,
        0.10783277320343844,
        0.7548294124240689,
        0.0,
        -47.0,
        -2.0,
        -28.0,
        1.0
      ],
      "Channels": {
        "Na": {
          "G": 3.0,
          "IsPermeability": false
        },
        "K": {
          "G": 5.0,
          "IsPermeability": false
        },
        "L": {
          "G": 0.0379,
          "IsPermeability": false
        },
        "CaT": {
          "G": 1.7e-05,
          "IsPermeability": true
        }
      }
    },
    {
      "Id": "fe97c56f-a448-4530-98be-b6b2379a097f",
      "Type": "Dend",
      "BaseRadius": 0.4,
      "TopRadius": 0.4,
      "Length": 10.23474474522936,
      "Ra": 173.0,
      "Cm": 0.88,
      "Color": "#FF9370DB",
      "Transform": [
        0.6715824034328568,
        0.10947253218904769,
        0.7327979531190473,
        0.0,
        0.10947253218904769,
        0.9635091559369842,
        -0.24426598437301572,
        0.0,
        -0.7327979531190473,
        0.24426598437301572,
        0.635091559369841,
        0.0,
        -53.0,
        -1.0,
        -21.0,
        1.0
      ],
      "Channels": {
        "Na": {
          "G": 3.0,
          "IsPermeability": false
        },
        "K": {
          "G": 5.0,
          "IsPermeability": false
        },
        "L": {
          "G": 0.0379,
          "IsPermeability": false
        },
        "CaT": {
          "G": 1.7e-05,
          "IsPermeability": true
        }
      }
    },
    {
      "Id": "6e3fd8fd-119c-4815-82e9-97ae727b0201",
      "Type": "Dend",
      "BaseRadius": 0.4,
      "TopRadius": 0.4,
      "Length": 6.264982043070834,
      "Ra": 173.0,
      "Cm": 0.88,
      "Color": "#FF9370DB",
      "Transform": [
        0.259982117628387,
        0.12333631372860215,
        0.9577042613611466,
        0.0,
        0.12333631372860215,
        0.9794439477118997,
        -0.15961737689352443,
        0.0,
        -0.9577042613611466,
        0.15961737689352443,
        0.23942606534028665,
        0.0,
        -60.5,
        1.5,
        -14.5,
        1.0
      ],
      "Channels": {
        "Na": {
          "G": 3.0,
          "IsPermeability": false
        },
        "K": {
          "G": 5.0,
          "IsPermeability": false
        },
        "L": {
          "G": 0.0379,
          "IsPermeability": false
        },
        "CaT": {
          "G": 1.7e-05,
          "IsPermeability": true
        }
      }
    },
    {
      "Id": "fa3db9de-9893-4d27-9eb3-2203fb0deb6c",
      "Type": "Dend",
      "BaseRadius": 0.4,
      "TopRadius": 0.4,
      "Length": 6.2048368229954285,
      "Ra": 173.0,
      "Cm": 0.88,
      "Color": "#FF9370DB",
      "Transform": [
        -0.01701863190827113,
        -0.25425465797706776,
        0.9669875568304563,
        0.0,
        -0.25425465797706776,
        0.9364363355057329,
        0.24174688920761409,
        0.0,
        -0.9669875568304563,
        -0.24174688920761409,
        -0.08058229640253807,
        0.0,
        -66.5,
        2.5,
        -13.0,
        1.0
      ],
      "Channels": {
        "Na": {
          "G": 3.0,
          "IsPermeability": false
        },
        "K": {
          "G": 5.0,
          "IsPermeability": false
        },
        "L": {
          "G": 0.0379,
          "IsPermeability": false
        },
        "CaT": {
          "G": 1.7e-05,
          "IsPermeability": true
        }
      }
    },
    {
      "Id": "c1682509-2330-48ce-bfb8-f29e981f909c",
      "Type": "Dend",
      "BaseRadius": 0.6760539480943045,
      "TopRadius": 0.41332839725552917,
      "Length": 4.743416490252569,
      "Ra": 173.0,
      "Cm": 0.88,
      "Color": "#FF9370DB",
      "Transform": [
        -0.15115796243141183,
        0.6578045499608068,
        0.7378647873726217,
        0.0,
        0.6578045499608068,
        0.6241116857366819,
        -0.42163702135578385,
        0.0,
        -0.7378647873726217,
        0.42163702135578385,
        -0.52704627669473,
        0.0,
        -22.5,
        0.5,
        -33.5,
        1.0
      ],
      "Channels": {
        "Na": {
          "G": 3.0,
          "IsPermeability": false
        },
        "K": {
          "G": 5.0,
          "IsPermeability": false
        },
        "L": {
          "G": 0.0379,
          "IsPermeability": false
        },
        "CaT": {
          "G": 1.7e-05,
          "IsPermeability": true
        }
      }
    },
    {
      "Id": "2a22a707-eba4-44f5-b62c-43ba4aa5a906",
      "Type": "Dend",
      "BaseRadius": 0.41332839725552917,
      "TopRadius": 0.4,
      "Length": 5.545268253204709,
      "Ra": 173.0,
      "Cm": 0.88,
      "Color": "#FF9370DB",
      "Transform": [
        0.09762461130717981,
        -0.08203412624480183,
        0.9918365981341755,
        0.0,
        -0.08203412624480183,
        0.9925423521595633,
        0.09016696346674323,
        0.0,
        -0.9918365981341755,
        -0.09016696346674323,
        0.09016696346674327,
        0.0,
        -26.0,
        2.5,
        -36.0,
        1.0
      ],
      "Channels": {
        "Na": {
          "G": 3.0,
          "IsPermeability": false
        },
        "K": {
          "G": 5.0,
          "IsPermeability": false
        },
        "L": {
          "G": 0.0379,
          "IsPermeability": false
        },
        "CaT": {
          "G": 1.7e-05,
          "IsPermeability": true
        }
      }
    },
    {
      "Id": "b866e5dd-5b9c-4043-b3c3-994df81e4d0e",
      "Type": "Dend",
      "BaseRadius": 0.4,
      "TopRadius": 0.4,
      "Length": 7.088723439378913,
      "Ra": 173.0,
      "Cm": 0.88,
      "Color": "#FF9370DB",
      "Transform": [
        0.14542917838404593,
        0.06104077297256815,
        0.9874838622020375,
        0.0,
        0.06104077297256815,
        0.9956399447876737,
        -0.07053456158585983,
        0.0,
        -0.9874838622020375,
        0.07053456158585983,
        0.14106912317171963,
        0.0,
        -31.5,
        2.0,
        -35.5,
        1.0
      ],
      "Channels": {
        "Na": {
          "G": 3.0,
          "IsPermeability": false
        },
        "K": {
          "G": 5.0,
          "IsPermeability": false
        },
        "L": {
          "G": 0.0379,
          "IsPermeability": false
        },
        "CaT": {
          "G": 1.7e-05,
          "IsPermeability": true
        }
      }
    },
    {
      "Id": "b8a977fc-069a-4a7a-b1cd-a3e6aa35f8d4",
      "Type": "Dend",
      "BaseRadius": 0.4,
      "TopRadius": 0.4,
      "Length": 9.027735042633894,
      "Ra": 173.0,
      "Cm": 0.88,
      "Color": "#FF9370DB",
      "Transform": [
        0.6263892488977608,
        0.08005944666476557,
        0.7753882858703959,
        0.0,
        0.08005944666476557,
        0.9828444042861217,
        -0.16615463268651343,
        0.0,
        -0.7753882858703959,
        0.16615463268651343,
        0.6092336531838825,
        0.0,
        -38.5,
        2.5,
        -34.5,
        1.0
      ],
      "Channels": {
        "Na": {
          "G": 3.0,
          "IsPermeability": false
        },
        "K": {
          "G": 5.0,
          "IsPermeability": false
        },
        "L": {
          "G": 0.0379,
          "IsPermeability": false
        },
        "CaT": {
          "G": 1.7e-05,
          "IsPermeability": true
        }
      }
    },
    {
      "Id": "6452be2c-2956-40f5-b7dc-cd8dddcf41f9",
      "Type": "Dend",
      "BaseRadius": 0.4,
      "TopRadius": 0.4,
      "Length": 9.233092656309694,
      "Ra": 173.0,
      "Cm": 0.88,
      "Color": "#FF9370DB",
      "Transform": [
        0.49526382765931726,
