{
  "ProjectId": "tc200-0001-0000-0000-000000000000",
  "ProjectName": "tc200_geo_CaT_dn10pct",
  "GlobalEnvironment": {
    "V_init": -74,
    "dt": 0.1,
    "STEPS": 4000,
    "celsius": 34,
    "CA_OUT": 2,
    "CA_INF": 0.00024,
    "TAU_CA": 5
  },
  "E_TABLE": {
    "Na": {
      "E": 50
    },
    "K": {
      "E": -100
    },
    "L": {
      "E": -76.5
    }
  },
  "HH_PARAMS": {
    "vtraub": -52,
    "alpha_m_A": 0.32,
    "alpha_m_V": 13,
    "alpha_m_k": 4,
    "beta_m_A": 0.28,
    "beta_m_V": 40,
    "beta_m_k": 5,
    "alpha_h_A": 0.128,
    "alpha_h_V": 17,
    "alpha_h_k": 18,
    "beta_h_A": 4,
    "beta_h_V": 40,
    "beta_h_k": 5,
    "alpha_n_A": 0.032,
    "alpha_n_V": 15,
    "alpha_n_k": 5,
    "beta_n_A": 0.5,
    "beta_n_V": 10,
    "beta_n_k": 40
  },
  "CA_PARAMS": {
    "shift": -1,
    "actshift": 0,
    "inf_mT_Vh": 57,
    "inf_mT_k": 6.2,
    "inf_hT_Vh": 81,
    "inf_hT_k": 4,
    "tau_mT_base": 0.612,
    "tau_mT_V1": 132,
    "tau_mT_k1": 16.7,
    "tau_mT_V2": 16.8,
    "tau_mT_k2": 18.2,
    "tau_mT_Q10": 2.5,
    "tau_mT_Tref": 24,
    "tau_hT_Vthresh": -80,
    "tau_hT_V1": 467,
    "tau_hT_k1": 66.6,
    "tau_hT_base": 28,
    "tau_hT_V2": 22,
    "tau_hT_k2": 10.5,
    "tau_hT_Q10": 2.5,
    "tau_hT_Tref": 24
  },
  "Segmentation": {
    "Mode": "NSeg",
    "NSeg": 1,
    "LSeg": 20
  },
  "Entities": [
    {
      "Id": "49a71f0a-3b1f-4aaf-bcbc-3b605db82bac",
      "Type": "Soma",
      "BaseRadius": 0,
      "TopRadius": 7.4795,
      "Length": 3.6213119169715298,
      "Ra": 173,
      "Cm": 0.88,
      "Color": "#FF1E90FF",
      "Transform": [
        0.9256760498506138,
        -0.06441409012946794,
        -0.37279307360217506,
        0,
        -0.06441409012946794,
        0.9441744552211279,
        -0.323087330455218,
        0,
        0.37279307360217506,
        0.323087330455218,
        0.8698505050717417,
        0,
        -23.25,
        -7.35,
        -34.2,
        1
      ],
      "Channels": {
        "Na": {
          "G": 100,
          "IsPermeability": false
        },
        "K": {
          "G": 100,
          "IsPermeability": false
        },
        "L": {
          "G": 0.03790000081062317,
          "IsPermeability": false
        },
        "CaT": {
          "G": 1.5300000086426735E-05,
          "IsPermeability": true
        }
      }
    },
    {
      "Id": "b8e53939-cc93-43f7-9f53-7738726b39e8",
      "Type": "Soma",
      "BaseRadius": 7.4795,
      "TopRadius": 10.7195,
      "Length": 1.1008916840452547,
      "Ra": 173,
      "Cm": 0.88,
      "Color": "#FF1E90FF",
      "Transform": [
        0.5576705027209095,
        -0.1437570866157045,
        -0.8175191193132875,
        0,
        -0.14375708661570447,
        0.9532789468498961,
        -0.26569371377681844,
        0,
        0.8175191193132875,
        0.26569371377681844,
        0.5109494495708055,
        0,
        -21.9,
        -6.18,
        -31.05,
        1
      ],
      "Channels": {
        "Na": {
          "G": 100,
          "IsPermeability": false
        },
        "K": {
          "G": 100,
          "IsPermeability": false
        },
        "L": {
          "G": 0.03790000081062317,
          "IsPermeability": false
        },
        "CaT": {
          "G": 1.5300000086426735E-05,
          "IsPermeability": true
        }
      }
    },
    {
      "Id": "94ec400f-4c09-4655-abca-8b3a1a0eeee0",
      "Type": "Soma",
      "BaseRadius": 10.7195,
      "TopRadius": 12.487,
      "Length": 2.1760182132509844,
      "Ra": 173,
      "Cm": 0.88,
      "Color": "#FF1E90FF",
      "Transform": [
        0.9061451244322805,
        -0.08852391863547328,
        -0.41359947932393143,
        0,
        -0.08852391863547328,
        0.9165042399430214,
        -0.3901070288983328,
        0,
        0.41359947932393143,
        0.3901070288983328,
        0.8226493643753019,
        0,
        -21,
        -5.8875,
        -30.4875,
        1
      ],
      "Channels": {
        "Na": {
          "G": 100,
          "IsPermeability": false
        },
        "K": {
          "G": 100,
          "IsPermeability": false
        },
        "L": {
          "G": 0.03790000081062317,
          "IsPermeability": false
        },
        "CaT": {
          "G": 1.5300000086426735E-05,
          "IsPermeability": true
        }
      }
    },
    {
      "Id": "895036f7-7b08-42e2-9a2d-bf44bd0aaa7e",
      "Type": "Soma",
      "BaseRadius": 12.487,
      "TopRadius": 12.6815,
      "Length": 3.396768472769377,
      "Ra": 173,
      "Cm": 0.88,
      "Color": "#FF1E90FF",
      "Transform": [
        0.356795172543195,
        -0.11276299489357015,
        -0.9273519891780598,
        0,
        -0.11276299489357017,
        0.9802310360952302,
        -0.16257805158847355,
        0,
        0.9273519891780598,
        0.16257805158847355,
        0.3370262086384251,
        0,
        -20.1,
        -5.03862,
        -28.6974,
        1
      ],
      "Channels": {
        "Na": {
          "G": 100,
          "IsPermeability": false
        },
        "K": {
          "G": 100,
          "IsPermeability": false
        },
        "L": {
          "G": 0.03790000081062317,
          "IsPermeability": false
        },
        "CaT": {
          "G": 1.5300000086426735E-05,
          "IsPermeability": true
        }
      }
    },
    {
      "Id": "7ac270a7-24ad-4a6e-9660-b811a5ff1810",
      "Type": "Soma",
      "BaseRadius": 12.6815,
      "TopRadius": 13.3595,
      "Length": 1.3418738146338502,
      "Ra": 173,
      "Cm": 0.88,
      "Color": "#FF1E90FF",
      "Transform": [
        0.7389211773195209,
        -0.0644342534375422,
        -0.6707038994166351,
        0,
        -0.0644342534375422,
        0.9840976262516146,
        -0.1655297223760254,
        0,
        0.6707038994166351,
        0.1655297223760254,
        0.7230188035711355,
        0,
        -16.95,
        -4.48638,
        -27.5526,
        1
      ],
      "Channels": {
        "Na": {
          "G": 100,
          "IsPermeability": false
        },
        "K": {
          "G": 100,
          "IsPermeability": false
        },
        "L": {
          "G": 0.03790000081062317,
          "IsPermeability": false
        },
        "CaT": {
          "G": 1.5300000086426735E-05,
          "IsPermeability": true
        }
      }
    },
    {
      "Id": "abb9808a-decd-4843-9fd1-bb2b9b8129fb",
      "Type": "Soma",
      "BaseRadius": 13.3595,
      "TopRadius": 14.4325,
      "Length": 3.623120274970182,
      "Ra": 173,
      "Cm": 0.88,
      "Color": "#FF1E90FF",
      "Transform": [
        0.7744298558203625,
        -0.12084243763991542,
        -0.6210116775707971,
        0,
        -0.12084243763991542,
        0.9352622893075445,
        -0.33268837590822753,
        0,
        0.6210116775707971,
        0.33268837590822753,
        0.709692145127907,
        0,
        -16.05,
        -4.26426,
        -26.5824,
        1
      ],
      "Channels": {
        "Na": {
          "G": 100,
          "IsPermeability": false
        },
        "K": {
          "G": 100,
          "IsPermeability": false
        },
        "L": {
          "G": 0.03790000081062317,
          "IsPermeability": false
        },
        "CaT": {
          "G": 1.5300000086426735E-05,
          "IsPermeability": true
        }
      }
    },
    {
      "Id": "0a8affae-fe66-4461-9852-99e23a402211",
      "Type": "Soma",
      "BaseRadius": 14.4325,
      "TopRadius": 14.1555,
      "Length": 4.928503883492434,
      "Ra": 173,
      "Cm": 0.88,
      "Color": "#FF1E90FF",
      "Transform": [
        0.5423485221922649,
        -0.17488388471959573,
        -0.8217503923584396,
        0,
        -0.17488388471959576,
        0.9331710381858184,
        -0.314018216599905,
        0,
        0.8217503923584396,
        0.314018216599905,
        0.4755195603780834,
        0,
        -13.8,
        -3.05889,
        -24.0111,
        1
      ],
      "Channels": {
        "Na": {
          "G": 100,
          "IsPermeability": false
        },
        "K": {
          "G": 100,
          "IsPermeability": false
        },
        "L": {
          "G": 0.03790000081062317,
          "IsPermeability": false
        },
        "CaT": {
          "G": 1.5300000086426735E-05,
          "IsPermeability": true
        }
      }
    },
    {
      "Id": "3e916fd0-7a33-47e3-9415-b610644e6885",
      "Type": "Soma",
      "BaseRadius": 14.1555,
      "TopRadius": 12.6485,
      "Length": 6.933733716584451,
      "Ra": 173,
      "Cm": 0.88,
      "Color": "#FF1E90FF",
      "Transform": [
        0.6797644262060853,
        -0.16812367624180516,
        -0.7139010816294175,
        0,
        -0.16812367624180516,
        0.9117350699730522,
        -0.3747980678554442,
        0,
        0.7139010816294175,
        0.3747980678554442,
        0.5914994961791377,
        0,
        -9.75,
        -1.51125,
        -21.6675,
        1
      ],
      "Channels": {
        "Na": {
          "G": 100,
          "IsPermeability": false
        },
        "K": {
          "G": 100,
          "IsPermeability": false
        },
        "L": {
          "G": 0.03790000081062317,
          "IsPermeability": false
        },
        "CaT": {
          "G": 1.5300000086426735E-05,
          "IsPermeability": true
        }
      }
    },
    {
      "Id": "fc4b10c0-158e-422d-9ea9-8a48e0a9593b",
      "Type": "Soma",
      "BaseRadius": 12.6485,
      "TopRadius": 11.888,
      "Length": 2.539698740008348,
      "Ra": 173,
      "Cm": 0.88,
      "Color": "#FF1E90FF",
      "Transform": [
        0.8463668691124192,
        0.033287178358975815,
        -0.5315591092491396,
        0,
        0.033287178358975815,
        0.9927877780222218,
        0.11517114033731354,
        0,
        0.5315591092491396,
        -0.11517114033731354,
        0.8391546471346412,
        0,
        -4.8,
        1.0875,
        -17.5662,
        1
      ],
      "Channels": {
        "Na": {
          "G": 100,
          "IsPermeability": false
        },
        "K": {
          "G": 100,
          "IsPermeability": false
        },
        "L": {
          "G": 0.03790000081062317,
          "IsPermeability": false
        },
        "CaT": {
          "G": 1.5300000086426735E-05,
          "IsPermeability": true
        }
      }
    },
    {
      "Id": "a2c48340-04ef-4a3e-9fdd-5e7e715faa42",
      "Type": "Soma",
      "BaseRadius": 11.888,
      "TopRadius": 7.6915,
      "Length": 4.958129651390735,
      "Ra": 173,
      "Cm": 0.88,
      "Color": "#FF1E90FF",
      "Transform": [
        0.8361573405966156,
        -0.06553706376135375,
        -0.5445601849565718,
        0,
        -0.06553706376135376,
        0.9737851744954585,
        -0.2178240739826287,
        0,
        0.5445601849565718,
        0.2178240739826287,
        0.8099425150920742,
        0,
        -3.45,
        0.795,
        -15.435,
        1
      ],
      "Channels": {
        "Na": {
          "G": 100,
          "IsPermeability": false
        },
        "K": {
          "G": 100,
          "IsPermeability": false
        },
        "L": {
          "G": 0.03790000081062317,
          "IsPermeability": false
        },
        "CaT": {
          "G": 1.5300000086426735E-05,
          "IsPermeability": true
        }
      }
    },
    {
      "Id": "b4864d0b-d587-4393-bf8e-714c6d72a8af",
      "Type": "Soma",
      "BaseRadius": 7.6915,
      "TopRadius": 5.413,
      "Length": 1.3038027611567637,
      "Ra": 173,
      "Cm": 0.88,
      "Color": "#FF1E90FF",
      "Transform": [
        0.7167082390841002,
        0.0991521163205649,
        -0.6902884598905891,
        0,
        0.0991521163205649,
        0.9652967592878023,
        0.2416009609617061,
        0,
        0.6902884598905891,
        -0.2416009609617061,
        0.6820049983719025,
        0,
        -0.75,
        1.875,
        -11.4192,
        1
      ],
      "Channels": {
        "Na": {
          "G": 100,
          "IsPermeability": false
        },
        "K": {
          "G": 100,
          "IsPermeability": false
        },
        "L": {
          "G": 0.03790000081062317,
          "IsPermeability": false
        },
        "CaT": {
          "G": 1.5300000086426735E-05,
          "IsPermeability": true
        }
      }
    },
    {
      "Id": "2f6d42b3-0cb4-4fa0-990a-b81814e210ac",
      "Type": "Soma",
      "BaseRadius": 5.413,
      "TopRadius": 0,
      "Length": 2.497398646592089,
      "Ra": 173,
      "Cm": 0.88,
      "Color": "#FF1E90FF",
      "Transform": [
        0.8188013134977558,
        -0.19327859893572732,
        -0.5405624776173356,
        0,
        -0.19327859893572732,
        0.7938361611352243,
        -0.5765999761251579,
        0,
        0.5405624776173356,
        0.5765999761251579,
        0.6126374746329799,
        0,
        0.15,
        1.56,
        -10.53,
        1
      ],
      "Channels": {
        "Na": {
          "G": 100,
          "IsPermeability": false
        },
        "K": {
          "G": 100,
          "IsPermeability": false
        },
        "L": {
          "G": 0.03790000081062317,
          "IsPermeability": false
        },
        "CaT": {
          "G": 1.5300000086426735E-05,
          "IsPermeability": true
        }
      }
    },
    {
      "Id": "9ee63722-dd75-48ba-b70a-10b49f95f222",
      "Type": "Dend",
      "BaseRadius": 0.4,
      "TopRadius": 0.4,
      "Length": 9.340770846134703,
      "Ra": 173,
      "Cm": 0.88,
      "Color": "#FF9370DB",
      "Transform": [
        1,
        0,
        -0,
        0,
        -0,
        0.9635179096299405,
        -0.2676438637860949,
        0,
        0,
        0.2676438637860949,
        0.9635179096299405,
        0,
        1.5,
        3,
        -9,
        1
      ],
      "Channels": {
        "L": {
          "G": 0.03790000081062317,
          "IsPermeability": false
        },
        "CaT": {
          "G": 7.650000043213367E-05,
          "IsPermeability": true
        }
      }
    },
    {
      "Id": "b89e5805-9883-49b8-a495-110842873c13",
      "Type": "Dend",
      "BaseRadius": 0.4,
      "TopRadius": 0.4,
      "Length": 6.576473218982953,
      "Ra": 173,
      "Cm": 0.88,
      "Color": "#FF9370DB",
      "Transform": [
        0.949635234891285,
        -0.07554714766307259,
        -0.3041143685078822,
        0,
        -0.07554714766307259,
        0.8866792785053911,
        -0.4561715527618233,
        0,
        0.3041143685078822,
        0.4561715527618233,
        0.8363145133966761,
        0,
        1.5,
        5.5,
        0,
        1
      ],
      "Channels": {
        "L": {
          "G": 0.03790000081062317,
          "IsPermeability": false
        },
        "CaT": {
          "G": 7.650000043213367E-05,
          "IsPermeability": true
        }
      }
    },
    {
      "Id": "5cb8a176-282d-449b-b64c-fee5d801e6a4",
      "Type": "Dend",
      "BaseRadius": 0.4,
      "TopRadius": 0.4,
      "Length": 4.55521678957215,
      "Ra": 173,
      "Cm": 0.88,
      "Color": "#FF9370DB",
      "Transform": [
        0.8296689852410531,
        -0.10219860885536806,
        -0.5488212999484519,
        0,
        -0.10219860885536806,
        0.9386808346867792,
        -0.3292927799690711,
        0,
        0.5488212999484519,
        0.3292927799690711,
        0.7683498199278324,
        0,
        3.5,
        8.5,
        5.5,
        1
      ],
      "Channels": {
        "L": {
          "G": 0.03790000081062317,
          "IsPermeability": false
        },
        "CaT": {
          "G": 7.650000043213367E-05,
          "IsPermeability": true
        }
      }
    },
    {
      "Id": "79a0b2c0-2d26-4ba1-ac6e-fda45412df89",
      "Type": "Dend",
      "BaseRadius": 0.4,
      "TopRadius": 0.4,
      "Length": 5.024937810560445,
      "Ra": 173,
      "Cm": 0.88,
      "Color": "#FF9370DB",
      "Transform": [
        0.8015424615688564,
        0.033076256405190595,
        -0.5970223141259934,
        0,
        0.0330762564051906,
        0.9944872905991349,
        0.0995037190209989,
        0,
        0.5970223141259934,
        -0.0995037190209989,
        0.7960297521679913,
        0,
        6,
        10,
        9,
        1
      ],
      "Channels": {
        "L": {
          "G": 0.03790000081062317,
          "IsPermeability": false
        },
        "CaT": {
          "G": 7.650000043213367E-05,
          "IsPermeability": true
        }
      }
    },
    {
      "Id": "37337959-7075-4fb2-a782-54822aa2ebf4",
      "Type": "Dend",
      "BaseRadius": 0.4,
      "TopRadius": 0.4,
      "Length": 5.338539126015656,
      "Ra": 173,
      "Cm": 0.88,
      "Color": "#FF9370DB",
      "Transform": [
        0.7542832762800481,
        0.03510238910285027,
        -0.6556100681071857,
        0,
        0.03510238910285027,
        0.9949853729853071,
        0.09365858115816937,
        0,
        0.6556100681071857,
        -0.09365858115816937,
        0.7492686492653552,
        0,
        9,
        9.5,
        13,
        1
      ],
      "Channels": {
        "L": {
          "G": 0.03790000081062317,
          "IsPermeability": false
        },
        "CaT": {
          "G": 7.650000043213367E-05,
          "IsPermeability": true
        }
      }
    },
    {
      "Id": "ebc74d4a-f199-4ff7-9785-2d2d06b56e4b",
      "Type": "Dend",
      "BaseRadius": 0.4,
      "TopRadius": 0.4,
      "Length": 5.612486080160912,
      "Ra": 173,
      "Cm": 0.88,
      "Color": "#FF9370DB",
      "Transform": [
        0.8950680830526422,
        -0.020986383389471553,
        -0.445435403187374,
        0,
        -0.020986383389471553,
        0.9958027233221056,
        -0.0890870806374748,
        0,
        0.445435403187374,
        0.0890870806374748,
        0.8908708063747479,
        0,
        12.5,
        9,
        17,
        1
      ],
      "Channels": {
        "L": {
          "G": 0.03790000081062317,
          "IsPermeability": false
        },
        "CaT": {
          "G": 7.650000043213367E-05,
          "IsPermeability": true
        }
      }
    },
    {
      "Id": "09faf2a0-0bc3-4211-8d6c-3e5415d25781",
      "Type": "Dend",
      "BaseRadius": 0.4,
      "TopRadius": 0.4,
      "Length": 4.123105625617661,
      "Ra": 173,
      "Cm": 0.88,
      "Color": "#FF9370DB",
      "Transform": [
        0.8638034375544994,
        -0.13619656244550052,
        -0.48507125007266594,
        0,
        -0.13619656244550052,
        0.8638034375544994,
        -0.48507125007266594,
        0,
        0.48507125007266594,
        0.48507125007266594,
        0.7276068751089989,
        0,
        15,
        9.5,
        22,
        1
      ],
      "Channels": {
        "L": {
          "G": 0.03790000081062317,
          "IsPermeability": false
        },
        "CaT": {
          "G": 7.650000043213367E-05,
          "IsPermeability": true
        }
      }
    },
    {
      "Id": "55a8dbb0-bbd3-47fa-bf47-54d83a9c38df",
      "Type": "Dend",
      "BaseRadius": 0.4,
      "TopRadius": 0.4,
      "Length": 4.716990566028302,
      "Ra": 173,
      "Cm": 0.88,
      "Color": "#FF9370DB",
      "Transform": [
        0.9452793894418317,
        -0.07296081407755774,
        -0.3179993640019079,
        0,
        -0.07296081407755774,
        0.9027189145632564,
        -0.4239991520025439,
        0,
        0.3179993640019079,
        0.4239991520025439,
        0.847998304005088,
        0,
        17,
        11.5,
        25,
        1
      ],
      "Channels": {
        "L": {
          "G": 0.03790000081062317,
          "IsPermeability": false
        },
        "CaT": {
          "G": 7.650000043213367E-05,
          "IsPermeability": true
        }
      }
    },
    {
      "Id": "a60c756a-1692-49b4-bd6d-b0f03f1f616f",
      "Type": "Dend",
      "BaseRadius": 0.4,
      "TopRadius": 0.4,
      "Length": 7.22841614740048,
      "Ra": 173,
      "Cm": 0.88,
      "Color": "#FF9370DB",
      "Transform": [
        0.9093059227233073,
        -0.030231359092230892,
        -0.4150286783196448,
        0,
        -0.03023135909223089,
        0.9899228803025897,
        -0.13834289277321493,
        0,
        0.4150286783196448,
        0.13834289277321493,
        0.899228803025897,
        0,
        18.5,
        13.5,
        29,
        1
      ],
      "Channels": {
        "L": {
          "G": 0.03790000081062317,
          "IsPermeability": false
        },
        "CaT": {
          "G": 7.650000043213367E-05,
          "IsPermeability": true
        }
      }
    },
    {
      "Id": "6df7bc54-de61-4121-b22f-3d4baefdbdc0",
      "Type": "Dend",
      "BaseRadius": 0.4,
      "TopRadius": 0.4,
      "Length": 6.670832032063167,
      "Ra": 173,
      "Cm": 0.88,
      "Color": "#FF9370DB",
      "Transform": [
        0.9260573726434072,
        -0.04436557641395572,
        -0.37476584449793077,
        0,
        -0.04436557641395572,
        0.9733806541516266,
        -0.22485950669875845,
        0,
        0.37476584449793077,
        0.22485950669875845,
        0.8994380267950337,
        0,
        21.5,
        14.5,
        35.5,
        1
      ],
      "Channels": {
        "L": {
          "G": 0.03790000081062317,
          "IsPermeability": false
        },
        "CaT": {
          "G": 7.650000043213367E-05,
          "IsPermeability": true
        }
      }
    },
    {
      "Id": "707d501a-0412-472a-af3e-186770a7fb76",
      "Type": "Dend",
      "BaseRadius": 0.4,
      "TopRadius": 0.4,
      "Length": 8.381527307120106,
      "Ra": 173,
      "Cm": 0.88,
      "Color": "#FF9370DB",
      "Transform": [
        0.9544799780350297,
        0,
        -0.29827499313594696,
        0,
        0,
        1,
        0,
        0,
        0.29827499313594696,
        0,
        0.9544799780350297,
        0,
        24,
        16,
        41.5,
        1
      ],
      "Channels": {
        "L": {
          "G": 0.03790000081062317,
          "IsPermeability": false
        },
        "CaT": {
          "G": 7.650000043213367E-05,
          "IsPermeability": true
        }
      }
    },
    {
      "Id": "b76425a6-0076-4440-be34-98f01071905d",
      "Type": "Dend",
      "BaseRadius": 0.4,
      "TopRadius": 0.4,
      "Length": 6.34428877022476,
      "Ra": 173,
      "Cm": 0.88,
      "Color": "#FF9370DB",
      "Transform": [
        0.8802293021767097,
        -0.03992356594109678,
        -0.4728662437434603,
        0,
        -0.03992356594109678,
        0.9866921446863011,
        -0.1576220812478201,
        0,
        0.4728662437434603,
        0.1576220812478201,
        0.8669214468630108,
        0,
        26.5,
        16,
        49.5,
        1
      ],
      "Channels": {
        "L": {
          "G": 0.03790000081062317,
          "IsPermeability": false
        },
        "CaT": {
          "G": 7.650000043213367E-05,
          "IsPermeability": true
        }
      }
    },
    {
      "Id": "537f8faf-c647-47f9-85c6-b0f859680041",
      "Type": "Dend",
      "BaseRadius": 0.4,
      "TopRadius": 0.4,
      "Length": 5.049752469181039,
      "Ra": 173,
      "Cm": 0.88,
      "Color": "#FF9370DB",
      "Transform": [
        0.7162652966811308,
        -0.08106705809110551,
        -0.6931032800836721,
        0,
        -0.08106705809110551,
        0.9768379834025414,
        -0.19802950859533489,
        0,
        0.6931032800836721,
        0.19802950859533489,
        0.6931032800836721,
        0,
        29.5,
        17,
        55,
        1
      ],
      "Channels": {
        "L": {
          "G": 0.03790000081062317,
          "IsPermeability": false
        },
        "CaT": {
          "G": 7.650000043213367E-05,
          "IsPermeability": true
        }
      }
    },
    {
      "Id": "4abbc50a-007b-4740-acd2-df3048d96db1",
      "Type": "Dend",
      "BaseRadius": 0.4,
      "TopRadius": 0.4,
      "Length": 5.431390245600108,
      "Ra": 173,
      "Cm": 0.88,
      "Color": "#FF9370DB",
      "Transform": [
        0.5578039808519332,
        -0.049132891016451886,
        -0.8285171561084911,
        0,
        -0.04913289101645189,
        0.994540789887061,
        -0.09205746178983235,
        0,
        0.8285171561084911,
        0.09205746178983235,
        0.552344770738994,
        0,
        33,
        18,
        58.5,
        1
      ],
      "Channels": {
        "L": {
          "G": 0.03790000081062317,
          "IsPermeability": false
        },
        "CaT": {
          "G": 7.650000043213367E-05,
          "IsPermeability": true
        }
      }
    },
    {
      "Id": "fa410c61-3c8b-4d85-846d-c2a6bbe4648c",
      "Type": "Dend",
      "BaseRadius": 0.4,
      "TopRadius": 0.4,
      "Length": 4.924428900898052,
      "Ra": 173,
      "Cm": 0.88,
      "Color": "#FF9370DB",
      "Transform": [
        0.4061384660534477,
        0,
        -0.913811548620257,
        0,
        0,
        1,
        0,
        0,
        0.913811548620257,
        0,
        0.4061384660534477,
        0,
        37.5,
        18.5,
        61.5,
        1
      ],
      "Channels": {
        "L": {
          "G": 0.03790000081062317,
          "IsPermeability": false
        },
        "CaT": {
          "G": 7.650000043213367E-05,
          "IsPermeability": true
        }
      }
    },
    {
      "Id": "f96f42e1-326b-4c2e-9fbf-76c93bc648d9",
      "Type": "Dend",
      "BaseRadius": 0.4,
      "TopRadius": 0.4,
      "Length": 5.830951894845301,
      "Ra": 173,
      "Cm": 0.88,
      "Color": "#FF9370DB",
      "Transform": [
        0.5144957554275265,
        0,
        -0.8574929257125442,
        0,
        0,
        1,
        0,
        0,
        0.8574929257125442,
        0,
        0.5144957554275265,
        0,
        42,
        18.5,
        63.5,
        1
      ],
      "Channels": {
        "L": {
          "G": 0.03790000081062317,
          "IsPermeability": false
        },
        "CaT": {
          "G": 7.650000043213367E-05,
          "IsPermeability": true
        }
      }
    },
    {
      "Id": "10c7a993-6a54-41f5-a8c0-42fe7a2c8873",
      "Type": "Dend",
      "BaseRadius": 0.4,
      "TopRadius": 0.4,
      "Length": 3.24037034920393,
      "Ra": 173,
      "Cm": 0.88,
      "Color": "#FF9370DB",
      "Transform": [
        0.7849569409980796,
        -0.05376076475048012,
        -0.6172133998483678,
        0,
        -0.05376076475048012,
        0.9865598088123799,
        -0.15430334996209194,
        0,
        0.6172133998483678,
        0.15430334996209194,
        0.7715167498104595,
        0,
        0,
        13.5,
        -5,
        1
      ],
      "Channels": {
        "L": {
          "G": 0.03790000081062317,
          "IsPermeability": false
        },
        "CaT": {
          "G": 1.5300000086426735E-05,
          "IsPermeability": true
        }
      }
    },
    {
      "Id": "4c08aa71-2a44-4434-9b84-cc2df72c43e7",
      "Type": "Dend",
      "BaseRadius": 0.4,
      "TopRadius": 0.4,
      "Length": 3.9370039370059056,
      "Ra": 173,
      "Cm": 0.88,
      "Color": "#FF9370DB",
      "Transform": [
        0.7711545788472529,
        -0.04576908423054943,
        -0.6350006350009526,
        0,
        -0.04576908423054943,
        0.9908461831538901,
        -0.12700012700019053,
        0,
        0.6350006350009526,
        0.12700012700019053,
        0.762000762001143,
        0,
        2,
        14,
        -2.5,
        1
      ],
      "Channels": {
        "L": {
          "G": 0.03790000081062317,
          "IsPermeability": false
        },
        "CaT": {
          "G": 1.5300000086426735E-05,
          "IsPermeability": true
        }
      }
    },
    {
      "Id": "79fafcaf-7725-42c7-8e91-5cd658cd9635",
      "Type": "Dend",
      "BaseRadius": 0.4,
      "TopRadius": 0.4,
      "Length": 4.301162633521313,
      "Ra": 173,
      "Cm": 0.88,
      "Color": "#FF9370DB",
      "Transform": [
        0.8807894215723104,
        -0.08940793382076719,
        -0.464990554975277,
        0,
        -0.08940793382076719,
        0.9329440496344246,
        -0.3487429162314578,
        0,
        0.464990554975277,
        0.3487429162314578,
        0.813733471206735,
        0,
        4.5,
        14.5,
        0.5,
        1
      ],
      "Channels": {
        "L": {
          "G": 0.03790000081062317,
          "IsPermeability": false
        },
        "CaT": {
          "G": 1.5300000086426735E-05,
          "IsPermeability": true
        }
      }
    },
    {
      "Id": "9ac105c3-1e5f-4f19-ba8d-a938f50278ac",
      "Type": "Dend",
      "BaseRadius": 0.4,
      "TopRadius": 0.4,
      "Length": 4.153311931459037,
      "Ra": 173,
      "Cm": 0.88,
      "Color": "#FF9370DB",
      "Transform": [
        0.8741607772803075,
        -0.06291961135984625,
        -0.4815434123430769,
        0,
        -0.06291961135984625,
        0.9685401943200769,
        -0.24077170617153845,
        0,
        0.4815434123430769,
        0.24077170617153845,
        0.8427009716003844,
        0,
        6.5,
        16,
        4,
        1
      ],
      "Channels": {
        "L": {
          "G": 0.03790000081062317,
          "IsPermeability": false
        },
        "CaT": {
          "G": 1.5300000086426735E-05,
          "IsPermeability": true
        }
      }
    },
    {
      "Id": "a75bc4ab-a37f-4000-9812-994e91d87bd0",
      "Type": "Dend",
      "BaseRadius": 0.4,
      "TopRadius": 0.4,
      "Length": 4.092676385936225,
      "Ra": 173,
      "Cm": 0.88,
      "Color": "#FF9370DB",
      "Transform": [
        0.9275930552470683,
        -0.07240694475293173,
        -0.36650833306891567,
        0,
        -0.07240694475293173,
        0.9275930552470683,
        -0.36650833306891567,
        0,
        0.36650833306891567,
        0.36650833306891567,
        0.8551861104941365,
        0,
        8.5,
        17,
        7.5,
        1
      ],
      "Channels": {
        "L": {
          "G": 0.03790000081062317,
          "IsPermeability": false
        },
        "CaT": {
          "G": 1.5300000086426735E-05,
          "IsPermeability": true
        }
      }
    },
    {
      "Id": "82081cb0-b749-4908-af5e-99653631630c",
      "Type": "Dend",
      "BaseRadius": 0.4,
      "TopRadius": 0.4,
      "Length": 2.5,
      "Ra": 173,
      "Cm": 0.88,
      "Color": "#FF9370DB",
      "Transform": [
        0.6,
        0,
        -0.8,
        0,
        0,
        1,
        0,
        0,
        0.8,
        0,
        0.6,
        0,
        10,
        18.5,
        11,
        1
      ],
      "Channels": {
        "L": {
          "G": 0.03790000081062317,
          "IsPermeability": false
        },
        "CaT": {
          "G": 1.5300000086426735E-05,
          "IsPermeability": true
        }
      }
    },
    {
      "Id": "fcd71e7f-f972-4739-8f35-cc04fc148c10",
      "Type": "Dend",
      "BaseRadius": 0.4,
      "TopRadius": 0.4,
      "Length": 3.24037034920393,
      "Ra": 173,
      "Cm": 0.88,
      "Color": "#FF9370DB",
      "Transform": [
        0.7849569409980796,
        -0.05376076475048012,
        -0.6172133998483678,
        0,
        -0.05376076475048012,
        0.9865598088123799,
        -0.15430334996209194,
        0,
        0.6172133998483678,
        0.15430334996209194,
        0.7715167498104595,
        0,
        12,
        18.5,
        12.5,
        1
      ],
      "Channels": {
        "L": {
          "G": 0.03790000081062317,
          "IsPermeability": false
        },
        "CaT": {
          "G": 1.5300000086426735E-05,
          "IsPermeability": true
        }
      }
    },
    {
      "Id": "14157e44-e7bc-4403-8d37-478a3ebe271b",
      "Type": "Dend",
      "BaseRadius": 0.4,
      "TopRadius": 0.4,
      "Length": 2.5,
      "Ra": 173,
      "Cm": 0.88,
      "Color": "#FF9370DB",
      "Transform": [
        0.6,
        0,
        -0.8,
        0,
        0,
        1,
        0,
        0,
        0.8,
        0,
        0.6,
        0,
        14,
        19,
        15,
        1
      ],
      "Channels": {
        "L": {
          "G": 0.03790000081062317,
          "IsPermeability": false
        },
        "CaT": {
          "G": 1.5300000086426735E-05,
          "IsPermeability": true
        }
      }
    },
    {
      "Id": "e38964f8-d15a-412d-ba1a-5b06a982d2d1",
      "Type": "Dend",
      "BaseRadius": 0.4,
      "TopRadius": 0.4,
      "Length": 3,
      "Ra": 173,
      "Cm": 0.88,
      "Color": "#FF9370DB",
      "Transform": [
        0.7333333333333333,
        -0.13333333333333333,
        -0.6666666666666666,
        0,
        -0.13333333333333333,
        0.9333333333333333,
        -0.3333333333333333,
        0,
        0.6666666666666666,
        0.3333333333333333,
        0.6666666666666666,
        0,
        16,
        19,
        16.5,
        1
      ],
      "Channels": {
        "L": {
          "G": 0.03790000081062317,
          "IsPermeability": false
        },
        "CaT": {
          "G": 1.5300000086426735E-05,
          "IsPermeability": true
        }
      }
    },
    {
      "Id": "bf57cb00-d039-4574-be4a-680566bf1b5c",
      "Type": "Dend",
      "BaseRadius": 0.4,
      "TopRadius": 0.4,
      "Length": 4.031128874149275,
      "Ra": 173,
      "Cm": 0.88,
      "Color": "#FF9370DB",
      "Transform": [
        0.6581563056514381,
        -0.11394789811618732,
        -0.7442084075352506,
        0,
        -0.1139478981161873,
        0.9620173672946042,
        -0.2480694691784169,
        0,
        0.7442084075352506,
        0.2480694691784169,
        0.6201736729460423,
        0,
        18,
        20,
        18.5,
        1
      ],
      "Channels": {
        "L": {
          "G": 0.03790000081062317,
          "IsPermeability": false
        },
        "CaT": {
          "G": 1.5300000086426735E-05,
          "IsPermeability": true
        }
      }
    },
    {
      "Id": "d601c168-f3ff-403c-92c3-c07280b3145e",
      "Type": "Dend",
      "BaseRadius": 0.4,
      "TopRadius": 0.4,
      "Length": 6.689544080129826,
      "Ra": 173,
      "Cm": 0.88,
      "Color": "#FF9370DB",
      "Transform": [
        0.8497715775746438,
        -0.06438360961086692,
        -0.5232045649263551,
        0,
        -0.06438360961086692,
        0.9724070244524856,
        -0.22423052782558076,
        0,
        0.5232045649263551,
        0.22423052782558076,
        0.8221786020271294,
        0,
        21,
        21,
        21,
        1
      ],
      "Channels": {
        "L": {
          "G": 0.03790000081062317,
          "IsPermeability": false
        },
        "CaT": {
          "G": 1.5300000086426735E-05,
          "IsPermeability": true
        }
      }
    },
    {
      "Id": "81c648da-1316-4f4c-a6a3-061497692ed7",
      "Type": "Dend",
      "BaseRadius": 0.4,
      "TopRadius": 0.4,
      "Length": 6.284902544988268,
      "Ra": 173,
      "Cm": 0.88,
      "Color": "#FF9370DB",
      "Transform": [
        0.8272811538725995,
        -0.0740223626260288,
        -0.5568900989230111,
        0,
        -0.0740223626260288,
        0.9682761303031305,
        -0.23866718525271907,
        0,
        0.5568900989230111,
        0.23866718525271907,
        0.79555728417573,
        0,
        24.5,
        22.5,
        26.5,
        1
      ],
      "Channels": {
        "L": {
          "G": 0.03790000081062317,
          "IsPermeability": false
        },
        "CaT": {
          "G": 7.650000043213367E-05,
          "IsPermeability": true
        }
      }
    },
    {
      "Id": "113fe7a7-92cd-42f2-acc4-49c0141174ec",
      "Type": "Dend",
      "BaseRadius": 0.4,
      "TopRadius": 0.4,
      "Length": 4.69041575982343,
      "Ra": 173,
      "Cm": 0.88,
      "Color": "#FF9370DB",
      "Transform": [
        0.7504937955078063,
        -0.16633746966146246,
        -0.6396021490668313,
        0,
        -0.16633746966146246,
        0.8891083535590251,
        -0.42640143271122083,
        0,
        0.6396021490668313,
        0.42640143271122083,
        0.6396021490668313,
        0,
        28,
        24,
        31.5,
        1
      ],
      "Channels": {
        "L": {
          "G": 0.03790000081062317,
          "IsPermeability": false
        },
        "CaT": {
          "G": 7.650000043213367E-05,
          "IsPermeability": true
        }
      }
    },
    {
      "Id": "ce73283b-ce77-4077-930a-e12218a83bad",
      "Type": "Dend",
      "BaseRadius": 0.4,
      "TopRadius": 0.4,
      "Length": 4.183300132670378,
      "Ra": 173,
      "Cm": 0.88,
      "Color": "#FF9370DB",
      "Transform": [
        0.7371182716394746,
        -0.31545807403263043,
        -0.5976143046671968,
        0,
        -0.31545807403263043,
        0.6214503111608434,
        -0.7171371656006361,
        0,
        0.5976143046671968,
        0.7171371656006361,
        0.3585685828003181,
        0,
        31,
        26,
        34.5,
        1
      ],
      "Channels": {
        "L": {
          "G": 0.03790000081062317,
          "IsPermeability": false
        },
        "CaT": {
          "G": 7.650000043213367E-05,
          "IsPermeability": true
        }
      }
    },
    {
      "Id": "e01c0365-2ec2-48eb-ad3d-85d39dcd0a8a",
      "Type": "Dend",
      "BaseRadius": 0.4,
      "TopRadius": 0.4,
      "Length": 3.640054944640259,
      "Ra": 173,
      "Cm": 0.88,
      "Color": "#FF9370DB",
      "Transform": [
        0.7345724812149814,
        -0.3981412781775282,
        -0.5494422557947561,
        0,
        -0.3981412781775282,
        0.40278808273370786,
        -0.8241633836921342,
        0,
        0.5494422557947561,
        0.8241633836921342,
        0.13736056394868906,
        0,
        33.5,
        29,
        36,
        1
      ],
      "Channels": {
        "L": {
          "G": 0.03790000081062317,
          "IsPermeability": false
        },
        "CaT": {
          "G": 7.650000043213367E-05,
          "IsPermeability": true
        }
      }
    },
    {
      "Id": "fdfef77a-3a43-4a5d-997f-7f90143a95da",
      "Type": "Dend",
      "BaseRadius": 0.4,
      "TopRadius": 0.4,
      "Length": 4.636809247747852,
      "Ra": 173,
      "Cm": 0.88,
      "Color": "#FF9370DB",
      "Transform": [
        0.8234983196103152,
        -0.17650168038968475,
        -0.539163866017192,
        0,
        -0.17650168038968475,
        0.8234983196103152,
        -0.539163866017192,
        0,
        0.539163866017192,
        0.539163866017192,
        0.6469966392206304,
        0,
        35.5,
        32,
        36.5,
        1
      ],
      "Channels": {
        "L": {
          "G": 0.03790000081062317,
          "IsPermeability": false
        },
        "CaT": {
          "G": 7.650000043213367E-05,
          "IsPermeability": true
        }
      }
    },
    {
      "Id": "4a0aca07-d6ea-402a-b464-6e24802d5d0b",
      "Type": "Dend",
      "BaseRadius": 0.4,
      "TopRadius": 0.4,
      "Length": 4.301162633521313,
      "Ra": 173,
      "Cm": 0.88,
      "Color": "#FF9370DB",
      "Transform": [
        0.5812381937190965,
        0,
        -0.8137334712067349,
        0,
        0,
        1,
        0,
        0,
        0.8137334712067349,
        0,
        0.5812381937190965,
        0,
        38,
        34.5,
        39.5,
        1
      ],
      "Channels": {
        "L": {
          "G": 0.03790000081062317,
          "IsPermeability": false
        },
        "CaT": {
          "G": 7.650000043213367E-05,
          "IsPermeability": true
        }
      }
    },
    {
      "Id": "6ef8a898-d951-44a8-9ba0-c43f5a443cc5",
      "Type": "Dend",
      "BaseRadius": 0.4,
