{
  "GlobalEnvironment": {
    "V_init": -65,
    "dt": 0.02,
    "STEPS": 10000,
    "celsius": 36,
    "CA_OUT": 2,
    "CA_INF": 0.0002,
    "TAU_CA": 5
  },
  "E_TABLE": {
    "Na": {
      "E": 50
    },
    "K": {
      "E": -90
    },
    "L": {
      "E": -54.3
    }
  },
  "HH_PARAMS": {
    "alpha_m_A": 0.1,
    "alpha_m_Vs": 35,
    "alpha_m_k": 10,
    "beta_m_A": 4,
    "beta_m_Vs": 60,
    "beta_m_k": 18,
    "alpha_h_A": 0.07,
    "alpha_h_Vs": 60,
    "alpha_h_k": 20,
    "beta_h_A": 1,
    "beta_h_Vs": 30,
    "beta_h_k": 10,
    "alpha_n_A": 0.01,
    "alpha_n_Vs": 50,
    "alpha_n_k": 10,
    "beta_n_A": 0.125,
    "beta_n_Vs": 60,
    "beta_n_k": 80
  },
  "CA_PARAMS": {
    "shift": 2.0,
    "actshift": 0.0,
    "inf_mT_Vh": 57,
    "inf_mT_k": 6.2,
    "inf_hT_Vh": 81,
    "inf_hT_k": 4,
    "tau_mT_base": 0.612,
    "tau_mT_V1": 132,
    "tau_mT_k1": 16.7,
    "tau_mT_V2": 16.8,
    "tau_mT_k2": 18.2,
    "tau_mT_Q10": 5,
    "tau_mT_Tref": 24,
    "tau_hT_Vthresh": -80,
    "tau_hT_V1": 467,
    "tau_hT_k1": 66.6,
    "tau_hT_base": 28,
    "tau_hT_V2": 22,
    "tau_hT_k2": 10.5,
    "tau_hT_Q10": 3,
    "tau_hT_Tref": 24
  },
  "Segmentation": {
    "Mode": "NSeg",
    "NSeg": 1,
    "LSeg": 20
  },
  "Entities": [
    {
      "Id": "7e941e44-58dc-4955-9b3f-c72527ad9f95",
      "Type": "Soma",
      "BaseRadius": 0.0,
      "TopRadius": 7.4795,
      "Length": 3.6213119169715298,
      "Ra": 100.0,
      "Cm": 1.0,
      "Color": "#FF1E90FF",
      "Transform": [
        0.9256760498506138,
        -0.06441409012946794,
        -0.37279307360217506,
        0.0,
        -0.06441409012946794,
        0.9441744552211279,
        -0.323087330455218,
        0.0,
        0.37279307360217506,
        0.323087330455218,
        0.8698505050717417,
        0.0,
        -23.25,
        -7.35,
        -34.2,
        1.0
      ],
      "Channels": {
        "Na": {
          "G": 3,
          "IsPermeability": false
        },
        "K": {
          "G": 5,
          "IsPermeability": false
        },
        "L": {
          "G": 0.3,
          "IsPermeability": false
        },
        "CaT": {
          "G": 0.0002,
          "IsPermeability": true
        }
      }
    },
    {
      "Id": "48884df7-d374-427c-92c7-fde2d8767c81",
      "Type": "Soma",
      "BaseRadius": 7.4795,
      "TopRadius": 10.7195,
      "Length": 1.1008916840452547,
      "Ra": 100.0,
      "Cm": 1.0,
      "Color": "#FF1E90FF",
      "Transform": [
        0.5576705027209095,
        -0.1437570866157045,
        -0.8175191193132875,
        0.0,
        -0.14375708661570447,
        0.9532789468498961,
        -0.26569371377681844,
        0.0,
        0.8175191193132875,
        0.26569371377681844,
        0.5109494495708055,
        0.0,
        -21.9,
        -6.18,
        -31.05,
        1.0
      ],
      "Channels": {
        "Na": {
          "G": 3,
          "IsPermeability": false
        },
        "K": {
          "G": 5,
          "IsPermeability": false
        },
        "L": {
          "G": 0.3,
          "IsPermeability": false
        },
        "CaT": {
          "G": 0.0002,
          "IsPermeability": true
        }
      }
    },
    {
      "Id": "9a3134c8-73b8-48f6-ac99-b3d7a08b7386",
      "Type": "Soma",
      "BaseRadius": 10.7195,
      "TopRadius": 12.487,
      "Length": 2.1760182132509844,
      "Ra": 100.0,
      "Cm": 1.0,
      "Color": "#FF1E90FF",
      "Transform": [
        0.9061451244322805,
        -0.08852391863547328,
        -0.41359947932393143,
        0.0,
        -0.08852391863547328,
        0.9165042399430214,
        -0.3901070288983328,
        0.0,
        0.41359947932393143,
        0.3901070288983328,
        0.8226493643753019,
        0.0,
        -21.0,
        -5.8875,
        -30.4875,
        1.0
      ],
      "Channels": {
        "Na": {
          "G": 3,
          "IsPermeability": false
        },
        "K": {
          "G": 5,
          "IsPermeability": false
        },
        "L": {
          "G": 0.3,
          "IsPermeability": false
        },
        "CaT": {
          "G": 0.0002,
          "IsPermeability": true
        }
      }
    },
    {
      "Id": "275af1c5-3843-416c-837f-198ba3698c3f",
      "Type": "Soma",
      "BaseRadius": 12.487,
      "TopRadius": 12.6815,
      "Length": 3.396768472769377,
      "Ra": 100.0,
      "Cm": 1.0,
      "Color": "#FF1E90FF",
      "Transform": [
        0.356795172543195,
        -0.11276299489357015,
        -0.9273519891780598,
        0.0,
        -0.11276299489357017,
        0.9802310360952302,
        -0.16257805158847355,
        0.0,
        0.9273519891780598,
        0.16257805158847355,
        0.3370262086384251,
        0.0,
        -20.1,
        -5.03862,
        -28.6974,
        1.0
      ],
      "Channels": {
        "Na": {
          "G": 3,
          "IsPermeability": false
        },
        "K": {
          "G": 5,
          "IsPermeability": false
        },
        "L": {
          "G": 0.3,
          "IsPermeability": false
        },
        "CaT": {
          "G": 0.0002,
          "IsPermeability": true
        }
      }
    },
    {
      "Id": "259e7061-a465-4d64-97bd-ea8a5727362b",
      "Type": "Soma",
      "BaseRadius": 12.6815,
      "TopRadius": 13.3595,
      "Length": 1.3418738146338502,
      "Ra": 100.0,
      "Cm": 1.0,
      "Color": "#FF1E90FF",
      "Transform": [
        0.7389211773195209,
        -0.0644342534375422,
        -0.6707038994166351,
        0.0,
        -0.0644342534375422,
        0.9840976262516146,
        -0.1655297223760254,
        0.0,
        0.6707038994166351,
        0.1655297223760254,
        0.7230188035711355,
        0.0,
        -16.95,
        -4.48638,
        -27.5526,
        1.0
      ],
      "Channels": {
        "Na": {
          "G": 3,
          "IsPermeability": false
        },
        "K": {
          "G": 5,
          "IsPermeability": false
        },
        "L": {
          "G": 0.3,
          "IsPermeability": false
        },
        "CaT": {
          "G": 0.0002,
          "IsPermeability": true
        }
      }
    },
    {
      "Id": "911bb625-212b-486a-b469-206f12c4ae79",
      "Type": "Soma",
      "BaseRadius": 13.3595,
      "TopRadius": 14.4325,
      "Length": 3.623120274970182,
      "Ra": 100.0,
      "Cm": 1.0,
      "Color": "#FF1E90FF",
      "Transform": [
        0.7744298558203625,
        -0.12084243763991542,
        -0.6210116775707971,
        0.0,
        -0.12084243763991542,
        0.9352622893075445,
        -0.33268837590822753,
        0.0,
        0.6210116775707971,
        0.33268837590822753,
        0.709692145127907,
        0.0,
        -16.05,
        -4.26426,
        -26.5824,
        1.0
      ],
      "Channels": {
        "Na": {
          "G": 3,
          "IsPermeability": false
        },
        "K": {
          "G": 5,
          "IsPermeability": false
        },
        "L": {
          "G": 0.3,
          "IsPermeability": false
        },
        "CaT": {
          "G": 0.0002,
          "IsPermeability": true
        }
      }
    },
    {
      "Id": "97476e9b-028b-4e19-bf52-37a5e313fe08",
      "Type": "Soma",
      "BaseRadius": 14.4325,
      "TopRadius": 14.1555,
      "Length": 4.928503883492434,
      "Ra": 100.0,
      "Cm": 1.0,
      "Color": "#FF1E90FF",
      "Transform": [
        0.5423485221922649,
        -0.17488388471959573,
        -0.8217503923584396,
        0.0,
        -0.17488388471959576,
        0.9331710381858184,
        -0.314018216599905,
        0.0,
        0.8217503923584396,
        0.314018216599905,
        0.4755195603780834,
        0.0,
        -13.8,
        -3.05889,
        -24.0111,
        1.0
      ],
      "Channels": {
        "Na": {
          "G": 3,
          "IsPermeability": false
        },
        "K": {
          "G": 5,
          "IsPermeability": false
        },
        "L": {
          "G": 0.3,
          "IsPermeability": false
        },
        "CaT": {
          "G": 0.0002,
          "IsPermeability": true
        }
      }
    },
    {
      "Id": "03717dc0-d15f-45d4-99d3-9aa5ef72fec5",
      "Type": "Soma",
      "BaseRadius": 14.1555,
      "TopRadius": 12.6485,
      "Length": 6.933733716584451,
      "Ra": 100.0,
      "Cm": 1.0,
      "Color": "#FF1E90FF",
      "Transform": [
        0.6797644262060853,
        -0.16812367624180516,
        -0.7139010816294175,
        0.0,
        -0.16812367624180516,
        0.9117350699730522,
        -0.3747980678554442,
        0.0,
        0.7139010816294175,
        0.3747980678554442,
        0.5914994961791377,
        0.0,
        -9.75,
        -1.51125,
        -21.6675,
        1.0
      ],
      "Channels": {
        "Na": {
          "G": 3,
          "IsPermeability": false
        },
        "K": {
          "G": 5,
          "IsPermeability": false
        },
        "L": {
          "G": 0.3,
          "IsPermeability": false
        },
        "CaT": {
          "G": 0.0002,
          "IsPermeability": true
        }
      }
    },
    {
      "Id": "43566b12-e4c8-44c4-86bb-cbe80078a532",
      "Type": "Soma",
      "BaseRadius": 12.6485,
      "TopRadius": 11.888,
      "Length": 2.539698740008348,
      "Ra": 100.0,
      "Cm": 1.0,
      "Color": "#FF1E90FF",
      "Transform": [
        0.8463668691124192,
        0.033287178358975815,
        -0.5315591092491396,
        0.0,
        0.033287178358975815,
        0.9927877780222218,
        0.11517114033731354,
        0.0,
        0.5315591092491396,
        -0.11517114033731354,
        0.8391546471346412,
        0.0,
        -4.8,
        1.0875,
        -17.5662,
        1.0
      ],
      "Channels": {
        "Na": {
          "G": 3,
          "IsPermeability": false
        },
        "K": {
          "G": 5,
          "IsPermeability": false
        },
        "L": {
          "G": 0.3,
          "IsPermeability": false
        },
        "CaT": {
          "G": 0.0002,
          "IsPermeability": true
        }
      }
    },
    {
      "Id": "a3e9b161-d147-4451-84c3-09d6bf8f5801",
      "Type": "Soma",
      "BaseRadius": 11.888,
      "TopRadius": 7.6915,
      "Length": 4.958129651390735,
      "Ra": 100.0,
      "Cm": 1.0,
      "Color": "#FF1E90FF",
      "Transform": [
        0.8361573405966156,
        -0.06553706376135375,
        -0.5445601849565718,
        0.0,
        -0.06553706376135376,
        0.9737851744954585,
        -0.2178240739826287,
        0.0,
        0.5445601849565718,
        0.2178240739826287,
        0.8099425150920742,
        0.0,
        -3.45,
        0.795,
        -15.435,
        1.0
      ],
      "Channels": {
        "Na": {
          "G": 3,
          "IsPermeability": false
        },
        "K": {
          "G": 5,
          "IsPermeability": false
        },
        "L": {
          "G": 0.3,
          "IsPermeability": false
        },
        "CaT": {
          "G": 0.0002,
          "IsPermeability": true
        }
      }
    },
    {
      "Id": "ff3950b2-adc0-4c21-bb01-0baf96b74f5c",
      "Type": "Soma",
      "BaseRadius": 7.6915,
      "TopRadius": 5.413,
      "Length": 1.3038027611567637,
      "Ra": 100.0,
      "Cm": 1.0,
      "Color": "#FF1E90FF",
      "Transform": [
        0.7167082390841002,
        0.0991521163205649,
        -0.6902884598905891,
        0.0,
        0.0991521163205649,
        0.9652967592878023,
        0.2416009609617061,
        0.0,
        0.6902884598905891,
        -0.2416009609617061,
        0.6820049983719025,
        0.0,
        -0.75,
        1.875,
        -11.4192,
        1.0
      ],
      "Channels": {
        "Na": {
          "G": 3,
          "IsPermeability": false
        },
        "K": {
          "G": 5,
          "IsPermeability": false
        },
        "L": {
          "G": 0.3,
          "IsPermeability": false
        },
        "CaT": {
          "G": 0.0002,
          "IsPermeability": true
        }
      }
    },
    {
      "Id": "b28b273a-472e-4c9b-965c-97df97e09d37",
      "Type": "Soma",
      "BaseRadius": 5.413,
      "TopRadius": 0.0,
      "Length": 2.497398646592089,
      "Ra": 100.0,
      "Cm": 1.0,
      "Color": "#FF1E90FF",
      "Transform": [
        0.8188013134977558,
        -0.19327859893572732,
        -0.5405624776173356,
        0.0,
        -0.19327859893572732,
        0.7938361611352243,
        -0.5765999761251579,
        0.0,
        0.5405624776173356,
        0.5765999761251579,
        0.6126374746329799,
        0.0,
        0.15,
        1.56,
        -10.53,
        1.0
      ],
      "Channels": {
        "Na": {
          "G": 3,
          "IsPermeability": false
        },
        "K": {
          "G": 5,
          "IsPermeability": false
        },
        "L": {
          "G": 0.3,
          "IsPermeability": false
        },
        "CaT": {
          "G": 0.0002,
          "IsPermeability": true
        }
      }
    },
    {
      "Id": "41b08beb-508a-4a40-9185-7e9bea278925",
      "Type": "Dend",
      "BaseRadius": 2.1605988261127553,
      "TopRadius": 1.6224358510111527,
      "Length": 7.582875444051551,
      "Ra": 100.0,
      "Cm": 1.0,
      "Color": "#FF9370DB",
      "Transform": [
        0.9978141420187361,
        0.004371715962527789,
        -0.06593804733957864,
        0.0,
        0.004371715962527789,
        0.9912565680749444,
        0.13187609467915729,
        0.0,
        0.06593804733957864,
        -0.13187609467915729,
        0.9890707100936805,
        0.0,
        7.0,
        -3.0,
        -5.0,
        1.0
      ],
      "Channels": {
        "Na": {
          "G": 3,
          "IsPermeability": false
        },
        "K": {
          "G": 5,
          "IsPermeability": false
        },
        "L": {
          "G": 0.3,
          "IsPermeability": false
        },
        "CaT": {
          "G": 0.0002,
          "IsPermeability": true
        }
      }
    },
    {
      "Id": "f7a67c09-d3c7-42b6-af1c-b72960c21cb2",
      "Type": "Dend",
      "BaseRadius": 1.6224358510111527,
      "TopRadius": 0.8259454609572715,
      "Length": 5.5901699437494745,
      "Ra": 100.0,
      "Cm": 1.0,
      "Color": "#FF9370DB",
      "Transform": [
        0.9619937887599697,
        0.050674948320040394,
        -0.2683281572999748,
        0.0,
        0.050674948320040394,
        0.9324334022399462,
        0.3577708763999664,
        0.0,
        0.2683281572999748,
        -0.3577708763999664,
        0.8944271909999159,
        0.0,
        7.5,
        -4.0,
        2.5,
        1.0
      ],
      "Channels": {
        "Na": {
          "G": 3,
          "IsPermeability": false
        },
        "K": {
          "G": 5,
          "IsPermeability": false
        },
        "L": {
          "G": 0.3,
          "IsPermeability": false
        },
        "CaT": {
          "G": 0.0002,
          "IsPermeability": true
        }
      }
    },
    {
      "Id": "f1adbb9e-ea96-46e3-82c7-01c1ad663dbb",
      "Type": "Dend",
      "BaseRadius": 0.8259454609572715,
      "TopRadius": 0.8259454609572715,
      "Length": 4.123105625617661,
      "Ra": 100.0,
      "Cm": 1.0,
      "Color": "#FF9370DB",
      "Transform": [
        0.8638034375544994,
        0.13619656244550052,
        -0.48507125007266594,
        0.0,
        0.13619656244550052,
        0.8638034375544994,
        0.48507125007266594,
        0.0,
        0.48507125007266594,
        -0.48507125007266594,
        0.7276068751089989,
        0.0,
        9.0,
        -6.0,
        7.5,
        1.0
      ],
      "Channels": {
        "Na": {
          "G": 3,
          "IsPermeability": false
        },
        "K": {
          "G": 5,
          "IsPermeability": false
        },
        "L": {
          "G": 0.3,
          "IsPermeability": false
        },
        "CaT": {
          "G": 0.0002,
          "IsPermeability": true
        }
      }
    },
    {
      "Id": "564d6259-d31a-4baa-82fe-c3d07a86d706",
      "Type": "Dend",
      "BaseRadius": 0.8259454609572715,
      "TopRadius": 0.5825702064623147,
      "Length": 3.0413812651491097,
      "Ra": 100.0,
      "Cm": 1.0,
      "Color": "#FF9370DB",
      "Transform": [
        0.1643989873053572,
        0.0,
        -0.9863939238321437,
        0.0,
        0.0,
        1.0,
        0.0,
        0.0,
        0.9863939238321437,
        0.0,
        0.1643989873053572,
        0.0,
        11.0,
        -8.0,
        10.5,
        1.0
      ],
      "Channels": {
        "Na": {
          "G": 3,
          "IsPermeability": false
        },
        "K": {
          "G": 5,
          "IsPermeability": false
        },
        "L": {
          "G": 0.3,
          "IsPermeability": false
        },
        "CaT": {
          "G": 0.0002,
          "IsPermeability": true
        }
      }
    },
    {
      "Id": "de56d32b-a1f8-4001-926a-1dead307f7d3",
      "Type": "Dend",
      "BaseRadius": 0.5825702064623147,
      "TopRadius": 0.5825702064623147,
      "Length": 3.391164991562634,
      "Ra": 100.0,
      "Cm": 1.0,
      "Color": "#FF9370DB",
      "Transform": [
        0.45739814228997,
        -0.09043364295167168,
        -0.8846517369293828,
        0.0,
        -0.09043364295167168,
        0.9849277261747216,
        -0.14744195615489714,
        0.0,
        0.8846517369293828,
        0.14744195615489714,
        0.4423258684646914,
        0.0,
        14.0,
        -8.0,
        11.0,
        1.0
      ],
      "Channels": {
        "Na": {
          "G": 3,
          "IsPermeability": false
        },
        "K": {
          "G": 5,
          "IsPermeability": false
        },
        "L": {
          "G": 0.3,
          "IsPermeability": false
        },
        "CaT": {
          "G": 0.0002,
          "IsPermeability": true
        }
      }
    },
    {
      "Id": "4b7350b5-51f3-450d-a8cf-72d224dffd7d",
      "Type": "Dend",
      "BaseRadius": 0.5825702064623147,
      "TopRadius": 0.5825702064623147,
      "Length": 3.9370039370059056,
      "Ra": 100.0,
      "Cm": 1.0,
      "Color": "#FF9370DB",
      "Transform": [
        0.42771733337788687,
        -0.16350933332060374,
        -0.8890008890013336,
        0.0,
        -0.16350933332060374,
        0.9532830476226846,
        -0.254000254000381,
        0.0,
        0.8890008890013336,
        0.254000254000381,
        0.3810003810005715,
        0.0,
        17.0,
        -7.5,
        12.5,
        1.0
      ],
      "Channels": {
        "Na": {
          "G": 3,
          "IsPermeability": false
        },
        "K": {
          "G": 5,
          "IsPermeability": false
        },
        "L": {
          "G": 0.3,
          "IsPermeability": false
        },
        "CaT": {
          "G": 0.0002,
          "IsPermeability": true
        }
      }
    },
    {
      "Id": "483c7a17-3c02-4ec4-8372-de25ff782ef4",
      "Type": "Dend",
      "BaseRadius": 0.5825702064623147,
      "TopRadius": 0.5825702064623147,
      "Length": 3.640054944640259,
      "Ra": 100.0,
      "Cm": 1.0,
      "Color": "#FF9370DB",
      "Transform": [
        0.21259653265090767,
        -0.5249356448993949,
        -0.8241633836921342,
        0.0,
        -0.5249356448993949,
        0.6500429034004034,
        -0.5494422557947561,
        0.0,
        0.8241633836921342,
        0.5494422557947561,
        -0.13736056394868895,
        0.0,
        20.5,
        -6.5,
        14.0,
        1.0
      ],
      "Channels": {
        "Na": {
          "G": 3,
          "IsPermeability": false
        },
        "K": {
          "G": 5,
          "IsPermeability": false
        },
        "L": {
          "G": 0.3,
          "IsPermeability": false
        },
        "CaT": {
          "G": 0.0002,
          "IsPermeability": true
        }
      }
    },
    {
      "Id": "9d71309f-75eb-47c7-832d-97f0cc86bfd8",
      "Type": "Dend",
      "BaseRadius": 0.5825702064623147,
      "TopRadius": 1.0965878679450074,
      "Length": 4.06201920231798,
      "Ra": 100.0,
      "Cm": 1.0,
      "Color": "#FF9370DB",
      "Transform": [
        0.15336179910788772,
        -0.4837932576526358,
        -0.8616404368553292,
        0.0,
        -0.48379325765263576,
        0.7235467099127799,
        -0.49236596391733095,
        0.0,
        0.8616404368553292,
        0.49236596391733095,
        -0.1230914909793327,
        0.0,
        23.5,
        -4.5,
        13.5,
        1.0
      ],
      "Channels": {
        "Na": {
          "G": 3,
          "IsPermeability": false
        },
        "K": {
          "G": 5,
          "IsPermeability": false
        },
        "L": {
          "G": 0.3,
          "IsPermeability": false
        },
        "CaT": {
          "G": 0.0002,
          "IsPermeability": true
        }
      }
    },
    {
      "Id": "ea2bdf6d-389d-4f79-9a31-44257e35e903",
      "Type": "Dend",
      "BaseRadius": 0.8259454609572715,
      "TopRadius": 0.5825702064623147,
      "Length": 2.23606797749979,
      "Ra": 100.0,
      "Cm": 1.0,
      "Color": "#FF9370DB",
      "Transform": [
        0.8000000000000002,
        0.4,
        -0.447213595499958,
        0.0,
        0.4,
        0.20000000000000007,
        0.894427190999916,
        0.0,
        0.447213595499958,
        -0.894427190999916,
        6.123233995736766e-17,
        0.0,
        11.0,
        -8.0,
        10.5,
        1.0
      ],
      "Channels": {
        "Na": {
          "G": 3,
          "IsPermeability": false
        },
        "K": {
          "G": 5,
          "IsPermeability": false
        },
        "L": {
          "G": 0.3,
          "IsPermeability": false
        },
        "CaT": {
          "G": 0.0002,
          "IsPermeability": true
        }
      }
    },
    {
      "Id": "d5f47db4-324d-4c71-b11e-3d911fcd6ca6",
      "Type": "Dend",
      "BaseRadius": 0.5825702064623147,
      "TopRadius": 0.5825702064623147,
      "Length": 4.716990566028302,
      "Ra": 100.0,
      "Cm": 1.0,
      "Color": "#FF9370DB",
      "Transform": [
        0.7677986644040068,
        0.07740044519866442,
        -0.6359987280038161,
        0.0,
        0.07740044519866442,
        0.9741998516004453,
        0.211999576001272,
        0.0,
        0.6359987280038161,
        -0.211999576001272,
        0.741998516004452,
        0.0,
        12.0,
        -10.0,
        10.5,
        1.0
      ],
      "Channels": {
        "Na": {
          "G": 3,
          "IsPermeability": false
        },
        "K": {
          "G": 5,
          "IsPermeability": false
        },
        "L": {
          "G": 0.3,
          "IsPermeability": false
        },
        "CaT": {
          "G": 0.0002,
          "IsPermeability": true
        }
      }
    },
    {
      "Id": "1a29d3df-1863-4c6f-8f0d-cc10c2e88f81",
      "Type": "Dend",
      "BaseRadius": 0.5825702064623147,
      "TopRadius": 0.5825702064623147,
      "Length": 6.123724356957945,
      "Ra": 100.0,
      "Cm": 1.0,
      "Color": "#FF9370DB",
      "Transform": [
        0.9121950336383609,
        0.035121986544655655,
        -0.4082482904638631,
        0.0,
        0.035121986544655655,
        0.9859512053821378,
        0.16329931618554525,
        0.0,
        0.4082482904638631,
        -0.16329931618554525,
        0.8981462390204986,
        0.0,
        15.0,
        -11.0,
        14.0,
        1.0
      ],
      "Channels": {
        "Na": {
          "G": 3,
          "IsPermeability": false
        },
        "K": {
          "G": 5,
          "IsPermeability": false
        },
        "L": {
          "G": 0.3,
          "IsPermeability": false
        },
        "CaT": {
          "G": 0.0002,
          "IsPermeability": true
        }
      }
    },
    {
      "Id": "6266d5c8-7719-4069-ac20-fc69841b8f9e",
      "Type": "Dend",
      "BaseRadius": 0.5825702064623147,
      "TopRadius": 0.5825702064623147,
      "Length": 4.58257569495584,
      "Ra": 100.0,
      "Cm": 1.0,
      "Color": "#FF9370DB",
      "Transform": [
        0.9745743121887939,
        0.05085137562241217,
        -0.21821789023599233,
        0.0,
        0.05085137562241217,
        0.8982972487551757,
        0.43643578047198467,
        0.0,
        0.21821789023599233,
        -0.43643578047198467,
        0.8728715609439696,
        0.0,
        17.5,
        -12.0,
        19.5,
        1.0
      ],
      "Channels": {
        "Na": {
          "G": 3,
          "IsPermeability": false
        },
        "K": {
          "G": 5,
          "IsPermeability": false
        },
        "L": {
          "G": 0.3,
          "IsPermeability": false
        },
        "CaT": {
          "G": 0.0002,
          "IsPermeability": true
        }
      }
    },
    {
      "Id": "28b16f8f-aae5-4965-95ad-c4e4f1f9115f",
      "Type": "Dend",
      "BaseRadius": 0.5825702064623147,
      "TopRadius": 0.5825702064623147,
      "Length": 3.9370039370059056,
      "Ra": 100.0,
      "Cm": 1.0,
      "Color": "#FF9370DB",
      "Transform": [
        0.9908461831538901,
        -0.04576908423054943,
        0.12700012700019053,
        0.0,
        -0.04576908423054943,
        0.7711545788472529,
        0.6350006350009526,
        0.0,
        -0.12700012700019053,
        -0.6350006350009526,
        0.762000762001143,
        0.0,
        18.5,
        -14.0,
        23.5,
        1.0
      ],
      "Channels": {
        "Na": {
          "G": 3,
          "IsPermeability": false
        },
        "K": {
          "G": 5,
          "IsPermeability": false
        },
        "L": {
          "G": 0.3,
          "IsPermeability": false
        },
        "CaT": {
          "G": 0.0002,
          "IsPermeability": true
        }
      }
    },
    {
      "Id": "28be1eab-9583-40bc-8007-08ba1b5fdb07",
      "Type": "Dend",
      "BaseRadius": 0.5825702064623147,
      "TopRadius": 0.5825702064623147,
      "Length": 4.8218253804964775,
      "Ra": 100.0,
      "Cm": 1.0,
      "Color": "#FF9370DB",
      "Transform": [
        0.9764912214874952,
        -0.058771946281261984,
        0.207390338946085,
        0.0,
        -0.05877194628126199,
        0.853070134296845,
        0.5184758473652126,
        0.0,
        -0.207390338946085,
        -0.5184758473652126,
        0.8295613557843402,
        0.0,
        18.0,
        -16.5,
        26.5,
        1.0
      ],
      "Channels": {
        "Na": {
          "G": 3,
          "IsPermeability": false
        },
        "K": {
          "G": 5,
          "IsPermeability": false
        },
        "L": {
          "G": 0.3,
          "IsPermeability": false
        },
        "CaT": {
          "G": 0.0002,
          "IsPermeability": true
        }
      }
    },
    {
      "Id": "5fcd3898-9e35-495b-a542-d783854e17b6",
      "Type": "Dend",
      "BaseRadius": 0.6760539480943045,
      "TopRadius": 0.6760539480943045,
      "Length": 10.307764064044152,
      "Ra": 100.0,
      "Cm": 1.0,
      "Color": "#FF9370DB",
      "Transform": [
        0.4866556462262885,
        0.028519130765206194,
        0.8731282501307986,
        0.0,
        0.028519130765206194,
        0.9984156038463774,
        -0.048507125007266595,
        0.0,
        -0.8731282501307986,
        0.048507125007266595,
        0.48507125007266594,
        0.0,
        -13.5,
        0.0,
        -38.5,
        1.0
      ],
      "Channels": {
        "Na": {
          "G": 3,
          "IsPermeability": false
        },
        "K": {
          "G": 5,
          "IsPermeability": false
        },
        "L": {
          "G": 0.3,
          "IsPermeability": false
        },
        "CaT": {
          "G": 0.0002,
          "IsPermeability": true
        }
      }
    },
    {
      "Id": "8e5309ef-98ca-43e9-a611-19352af7ef4d",
      "Type": "Dend",
      "BaseRadius": 0.6760539480943045,
      "TopRadius": 0.4,
      "Length": 7.762087348130012,
      "Ra": 100.0,
      "Cm": 1.0,
      "Color": "#FF9370DB",
      "Transform": [
        0.06639004149377596,
        -0.2489626556016597,
        0.9662349396012463,
        0.0,
        -0.24896265560165967,
        0.9336099585062241,
        0.25766265056033233,
        0.0,
        -0.9662349396012463,
        -0.25766265056033233,
        6.123233995736766e-17,
        0.0,
        -22.5,
        0.5,
        -33.5,
        1.0
      ],
      "Channels": {
        "Na": {
          "G": 3,
          "IsPermeability": false
        },
        "K": {
          "G": 5,
          "IsPermeability": false
        },
        "L": {
          "G": 0.3,
          "IsPermeability": false
        },
        "CaT": {
          "G": 0.0002,
          "IsPermeability": true
        }
      }
    },
    {
      "Id": "e78062bb-43bf-4b1a-8638-1d1ccf268e76",
      "Type": "Dend",
      "BaseRadius": 0.4,
      "TopRadius": 0.4,
      "Length": 6.519202405202649,
      "Ra": 100.0,
      "Cm": 1.0,
      "Color": "#FF9370DB",
      "Transform": [
        0.005882352941176532,
        -0.07647058823529412,
        0.9970544855015816,
        0.0,
        -0.07647058823529411,
        0.9941176470588236,
        0.07669649888473705,
        0.0,
        -0.9970544855015816,
        -0.07669649888473705,
        6.123233995736766e-17,
        0.0,
        -30.0,
        -1.5,
        -33.5,
        1.0
      ],
      "Channels": {
        "Na": {
          "G": 3,
          "IsPermeability": false
        },
        "K": {
          "G": 5,
          "IsPermeability": false
        },
        "L": {
          "G": 0.3,
          "IsPermeability": false
        },
        "CaT": {
          "G": 0.0002,
          "IsPermeability": true
        }
      }
    },
    {
      "Id": "b1f15409-bc0e-4688-ac5f-024bbe79b024",
      "Type": "Dend",
      "BaseRadius": 0.4,
      "TopRadius": 0.4,
      "Length": 4.5,
      "Ra": 100.0,
      "Cm": 1.0,
      "Color": "#FF9370DB",
      "Transform": [
        6.123233995736766e-17,
        0.0,
        1.0,
        0.0,
        -0.0,
        1.0,
        0.0,
        0.0,
        -1.0,
        -0.0,
        6.123233995736766e-17,
        0.0,
        -36.5,
        -2.0,
        -33.5,
        1.0
      ],
      "Channels": {
        "Na": {
          "G": 3,
          "IsPermeability": false
        },
        "K": {
          "G": 5,
          "IsPermeability": false
        },
        "L": {
          "G": 0.3,
          "IsPermeability": false
        },
        "CaT": {
          "G": 0.0002,
          "IsPermeability": true
        }
      }
    },
    {
      "Id": "70644839-db69-4037-ab22-7fdafad23626",
      "Type": "Dend",
      "BaseRadius": 0.4,
      "TopRadius": 0.4,
      "Length": 8.139410298049853,
      "Ra": 100.0,
      "Cm": 1.0,
      "Color": "#FF9370DB",
      "Transform": [
        0.6757246285173463,
        0.0,
        0.7371541402007414,
        0.0,
        -0.0,
        1.0,
        0.0,
        0.0,
        -0.7371541402007414,
        -0.0,
        0.6757246285173463,
        0.0,
        -41.0,
        -2.0,
        -33.5,
        1.0
      ],
      "Channels": {
        "Na": {
          "G": 3,
          "IsPermeability": false
        },
        "K": {
          "G": 5,
          "IsPermeability": false
        },
        "L": {
          "G": 0.3,
          "IsPermeability": false
        },
        "CaT": {
          "G": 0.0002,
          "IsPermeability": true
        }
      }
    },
    {
      "Id": "a6abda34-875d-4932-9b41-4a5124866443",
      "Type": "Dend",
      "BaseRadius": 0.4,
      "TopRadius": 0.4,
      "Length": 9.273618495495704,
      "Ra": 100.0,
      "Cm": 1.0,
      "Color": "#FF9370DB",
      "Transform": [
        0.7614556445207157,
        0.03975739257988073,
        0.6469966392206306,
        0.0,
        0.03975739257988073,
        0.9933737679033532,
        -0.10783277320343844,
        0.0,
        -0.6469966392206306,
        0.10783277320343844,
        0.7548294124240689,
        0.0,
        -47.0,
        -2.0,
        -28.0,
        1.0
      ],
      "Channels": {
        "Na": {
          "G": 3,
          "IsPermeability": false
        },
        "K": {
          "G": 5,
          "IsPermeability": false
        },
        "L": {
          "G": 0.3,
          "IsPermeability": false
        },
        "CaT": {
          "G": 0.0002,
          "IsPermeability": true
        }
      }
    },
    {
      "Id": "7f7f45f5-70f0-4da7-b5f3-429591df76bd",
      "Type": "Dend",
      "BaseRadius": 0.4,
      "TopRadius": 0.4,
      "Length": 10.23474474522936,
      "Ra": 100.0,
      "Cm": 1.0,
      "Color": "#FF9370DB",
      "Transform": [
        0.6715824034328568,
        0.10947253218904769,
        0.7327979531190473,
        0.0,
        0.10947253218904769,
        0.9635091559369842,
        -0.24426598437301572,
        0.0,
        -0.7327979531190473,
        0.24426598437301572,
        0.635091559369841,
        0.0,
        -53.0,
        -1.0,
        -21.0,
        1.0
      ],
      "Channels": {
        "Na": {
          "G": 3,
          "IsPermeability": false
        },
        "K": {
          "G": 5,
          "IsPermeability": false
        },
        "L": {
          "G": 0.3,
          "IsPermeability": false
        },
        "CaT": {
          "G": 0.0002,
          "IsPermeability": true
        }
      }
    },
    {
      "Id": "f685cc2a-0bbd-4318-8877-387a8482763d",
      "Type": "Dend",
      "BaseRadius": 0.4,
      "TopRadius": 0.4,
      "Length": 6.264982043070834,
      "Ra": 100.0,
      "Cm": 1.0,
      "Color": "#FF9370DB",
      "Transform": [
        0.259982117628387,
        0.12333631372860215,
        0.9577042613611466,
        0.0,
        0.12333631372860215,
        0.9794439477118997,
        -0.15961737689352443,
        0.0,
        -0.9577042613611466,
        0.15961737689352443,
        0.23942606534028665,
        0.0,
        -60.5,
        1.5,
        -14.5,
        1.0
      ],
      "Channels": {
        "Na": {
          "G": 3,
          "IsPermeability": false
        },
        "K": {
          "G": 5,
          "IsPermeability": false
        },
        "L": {
          "G": 0.3,
          "IsPermeability": false
        },
        "CaT": {
          "G": 0.0002,
          "IsPermeability": true
        }
      }
    },
    {
      "Id": "bbc61a26-703e-46db-9a7d-de188afe27da",
      "Type": "Dend",
      "BaseRadius": 0.4,
      "TopRadius": 0.4,
      "Length": 6.2048368229954285,
      "Ra": 100.0,
      "Cm": 1.0,
      "Color": "#FF9370DB",
      "Transform": [
        -0.01701863190827113,
        -0.25425465797706776,
        0.9669875568304563,
        0.0,
        -0.25425465797706776,
        0.9364363355057329,
        0.24174688920761409,
        0.0,
        -0.9669875568304563,
        -0.24174688920761409,
        -0.08058229640253807,
        0.0,
        -66.5,
        2.5,
        -13.0,
        1.0
      ],
      "Channels": {
        "Na": {
          "G": 3,
          "IsPermeability": false
        },
        "K": {
          "G": 5,
          "IsPermeability": false
        },
        "L": {
          "G": 0.3,
          "IsPermeability": false
        },
        "CaT": {
          "G": 0.0002,
          "IsPermeability": true
        }
      }
    },
    {
      "Id": "8dceb48d-4cf5-471b-8772-c3b6db671db9",
      "Type": "Dend",
      "BaseRadius": 0.6760539480943045,
      "TopRadius": 0.41332839725552917,
      "Length": 4.743416490252569,
      "Ra": 100.0,
      "Cm": 1.0,
      "Color": "#FF9370DB",
      "Transform": [
        -0.15115796243141183,
        0.6578045499608068,
        0.7378647873726217,
        0.0,
        0.6578045499608068,
        0.6241116857366819,
        -0.42163702135578385,
        0.0,
        -0.7378647873726217,
        0.42163702135578385,
        -0.52704627669473,
        0.0,
        -22.5,
        0.5,
        -33.5,
        1.0
      ],
      "Channels": {
        "Na": {
          "G": 3,
          "IsPermeability": false
        },
        "K": {
          "G": 5,
          "IsPermeability": false
        },
        "L": {
          "G": 0.3,
          "IsPermeability": false
        },
        "CaT": {
          "G": 0.0002,
          "IsPermeability": true
        }
      }
    },
    {
      "Id": "2a8a2eb6-1079-4dc3-a964-76006485e46e",
      "Type": "Dend",
      "BaseRadius": 0.41332839725552917,
      "TopRadius": 0.4,
      "Length": 5.545268253204709,
      "Ra": 100.0,
      "Cm": 1.0,
      "Color": "#FF9370DB",
      "Transform": [
        0.09762461130717981,
        -0.08203412624480183,
        0.9918365981341755,
        0.0,
        -0.08203412624480183,
        0.9925423521595633,
        0.09016696346674323,
        0.0,
        -0.9918365981341755,
        -0.09016696346674323,
        0.09016696346674327,
        0.0,
        -26.0,
        2.5,
        -36.0,
        1.0
      ],
      "Channels": {
        "Na": {
          "G": 3,
          "IsPermeability": false
        },
        "K": {
          "G": 5,
          "IsPermeability": false
        },
        "L": {
          "G": 0.3,
          "IsPermeability": false
        },
        "CaT": {
          "G": 0.0002,
          "IsPermeability": true
        }
      }
    },
    {
      "Id": "388c3736-2c20-4273-8a82-a8b4d671e3d6",
      "Type": "Dend",
      "BaseRadius": 0.4,
      "TopRadius": 0.4,
      "Length": 7.088723439378913,
      "Ra": 100.0,
      "Cm": 1.0,
      "Color": "#FF9370DB",
      "Transform": [
        0.14542917838404593,
        0.06104077297256815,
        0.9874838622020375,
        0.0,
        0.06104077297256815,
        0.9956399447876737,
        -0.07053456158585983,
        0.0,
        -0.9874838622020375,
        0.07053456158585983,
        0.14106912317171963,
        0.0,
        -31.5,
        2.0,
        -35.5,
        1.0
      ],
      "Channels": {
        "Na": {
          "G": 3,
          "IsPermeability": false
        },
        "K": {
          "G": 5,
          "IsPermeability": false
        },
        "L": {
          "G": 0.3,
          "IsPermeability": false
        },
        "CaT": {
          "G": 0.0002,
          "IsPermeability": true
        }
      }
    },
    {
      "Id": "33a34723-ae96-4690-baaa-6043ffe2510c",
      "Type": "Dend",
      "BaseRadius": 0.4,
      "TopRadius": 0.4,
      "Length": 9.027735042633894,
      "Ra": 100.0,
      "Cm": 1.0,
      "Color": "#FF9370DB",
      "Transform": [
        0.6263892488977608,
        0.08005944666476557,
        0.7753882858703959,
        0.0,
        0.08005944666476557,
        0.9828444042861217,
        -0.16615463268651343,
        0.0,
        -0.7753882858703959,
        0.16615463268651343,
        0.6092336531838825,
        0.0,
        -38.5,
        2.5,
        -34.5,
        1.0
      ],
      "Channels": {
        "Na": {
          "G": 3,
          "IsPermeability": false
        },
        "K": {
          "G": 5,
          "IsPermeability": false
        },
        "L": {
          "G": 0.3,
          "IsPermeability": false
        },
        "CaT": {
          "G": 0.0002,
          "IsPermeability": true
        }
      }
    },
    {
      "Id": "c622d12b-5d5b-49ba-be20-f0795e57694f",
      "Type": "Dend",
      "BaseRadius": 0.4,
      "TopRadius": 0.4,
      "Length": 9.233092656309694,
      "Ra": 100.0,
      "Cm": 1.0,
      "Color": "#FF9370DB",
      "Transform": [
        0.49526382765931726,
        0.06309202154258536,
        0.8664485777182118,
        0.0,
        0.06309202154258536,
        0.992113497307177,
        -0.10830607221477648,
        0.0,
        -0.8664485777182118,
        0.10830607221477648,
        0.4873773249664941,
        0.0,
        -45.5,
        4.0,
        -29.0,
        1.0
      ],
      "Channels": {
        "Na": {
          "G": 3,
          "IsPermeability": false
        },
